YYYY   MM DD   HH MIN    SWD    SWDtop    CU      CM      CD     TT2M     ST     RH2m    WS10m  WS100m   PREC    SNOW
2022. 11. 25.  0. 15.    0.00    0.00    1.00    0.07    0.00    8.21    8.21   82.07    5.75   11.02    0.00    0.00
2022. 11. 25.  0. 30.    0.00    0.00    1.00    0.06    0.00    8.20    8.20   82.52    5.67   10.85    0.00    0.00
2022. 11. 25.  0. 45.    0.00    0.00    1.00    0.05    0.00    8.19    8.19   83.04    5.55   10.62    0.00    0.00
2022. 11. 25.  1.  0.    0.00    0.00    1.00    0.05    0.00    8.15    8.15   83.78    5.43   10.38    0.00    0.00
2022. 11. 25.  1. 15.    0.00    0.00    1.00    0.02    0.00    8.10    8.10   84.71    5.30   10.12    0.00    0.00
2022. 11. 25.  1. 30.    0.00    0.00    1.00    0.02    0.00    8.04    8.04   85.79    5.14    9.84    0.00    0.00
2022. 11. 25.  1. 45.    0.00    0.00    1.00    0.02    0.00    7.97    7.97   86.96    5.00    9.58    0.00    0.00
2022. 11. 25.  2.  0.    0.00    0.00    1.00    0.02    0.00    7.89    7.89   88.32    4.94    9.45    0.00    0.00
2022. 11. 25.  2. 15.    0.00    0.00    0.46    0.07    0.18    7.81    7.81   90.08    4.91    9.37    0.00    0.00
2022. 11. 25.  2. 30.    0.00    0.00    0.46    0.07    0.18    7.73    7.73   92.16    4.82    9.21    0.00    0.00
2022. 11. 25.  2. 45.    0.00    0.00    0.46    0.07    0.18    7.67    7.67   93.96    4.73    9.03    0.00    0.00
2022. 11. 25.  3.  0.    0.00    0.00    0.46    0.07    0.18    7.60    7.60   95.07    4.85    9.23    0.00    0.00
2022. 11. 25.  3. 15.    0.00    0.00    1.00    0.69    1.00    7.71    7.71   95.20    4.72    9.02    0.01    0.00
2022. 11. 25.  3. 30.    0.00    0.00    1.00    0.69    1.00    7.74    7.74   95.88    4.52    8.51    0.04    0.00
2022. 11. 25.  3. 45.    0.00    0.00    1.00    0.69    1.00    7.56    7.56   97.09    4.30    8.01    0.05    0.00
2022. 11. 25.  4.  0.    0.00    0.00    1.00    0.69    1.00    7.53    7.53   96.75    4.50    8.27    0.02    0.00
2022. 11. 25.  4. 15.    0.00    0.00    1.00    1.00    0.91    7.60    7.60   96.59    4.41    8.22    0.01    0.00
2022. 11. 25.  4. 30.    0.00    0.00    1.00    1.00    0.91    7.62    7.62   96.69    4.22    7.90    0.01    0.00
2022. 11. 25.  4. 45.    0.00    0.00    1.00    1.00    0.91    7.57    7.57   96.46    4.11    7.66    0.01    0.00
2022. 11. 25.  5.  0.    0.00    0.00    1.00    1.00    0.91    7.46    7.46   96.11    4.09    7.65    0.00    0.00
2022. 11. 25.  5. 15.    0.00    0.00    0.02    0.00    0.21    7.40    7.40   95.56    4.31    8.06    0.00    0.00
2022. 11. 25.  5. 30.    0.00    0.00    0.02    0.00    0.21    7.36    7.36   95.28    4.34    8.25    0.00    0.00
2022. 11. 25.  5. 45.    0.00    0.00    0.02    0.00    0.21    7.31    7.31   95.06    4.19    8.04    0.00    0.00
2022. 11. 25.  6.  0.    0.00    0.00    0.02    0.00    0.21    7.24    7.24   95.00    4.04    7.81    0.00    0.00
2022. 11. 25.  6. 15.    0.00    0.00    0.00    0.20    1.00    7.30    7.30   95.05    3.78    7.34    0.00    0.00
2022. 11. 25.  6. 30.    0.00    0.00    0.00    0.20    1.00    7.36    7.36   95.20    3.62    6.93    0.00    0.00
2022. 11. 25.  6. 45.    0.00    0.00    0.00    0.20    1.00    7.39    7.39   95.30    3.37    6.47    0.00    0.00
2022. 11. 25.  7.  0.    0.00    0.00    0.00    0.20    1.00    7.41    7.41   95.46    3.11    5.97    0.00    0.00
2022. 11. 25.  7. 15.    0.00    0.00    0.00    0.00    0.26    7.33    7.33   95.73    3.02    5.87    0.00    0.00
2022. 11. 25.  7. 30.    0.00    0.00    0.00    0.00    0.26    7.28    7.28   95.88    3.00    6.00    0.00    0.00
2022. 11. 25.  7. 45.    0.00    0.00    0.00    0.00    0.26    7.27    7.27   95.98    2.89    5.89    0.00    0.00
2022. 11. 25.  8.  0.    0.00    0.00    0.00    0.00    0.26    7.25    7.25   96.21    2.76    5.70    0.00    0.00
2022. 11. 25.  8. 15.    4.74   64.37    0.00    0.00    0.88    7.36    7.36   96.44    2.55    5.32    0.00    0.00
2022. 11. 25.  8. 30.    4.74   64.37    0.00    0.00    0.88    7.53    7.53   96.28    2.40    4.97    0.00    0.00
2022. 11. 25.  8. 45.   14.55  104.39    0.00    0.00    0.85    7.67    7.67   95.95    2.46    5.12    0.00    0.00
2022. 11. 25.  9.  0.   32.94  179.42    0.00    0.00    0.80    7.85    7.85   95.38    2.60    5.30    0.00    0.00
2022. 11. 25.  9. 15.   28.60  230.77    0.00    0.01    1.00    7.97    7.97   95.02    2.76    5.47    0.01    0.00
2022. 11. 25.  9. 30.   33.04  262.61    0.00    0.01    1.00    8.06    8.06   94.85    2.85    5.57    0.01    0.00
2022. 11. 25.  9. 45.   37.18  291.97    0.00    0.03    1.00    8.16    8.16   94.49    2.90    5.62    0.03    0.00
2022. 11. 25. 10.  0.   41.04  319.16    0.00    0.06    1.00    8.27    8.27   94.07    2.89    5.57    0.02    0.00
2022. 11. 25. 10. 15.   50.00  355.54    0.00    0.11    1.00    8.37    8.37   93.75    2.89    5.52    0.05    0.00
2022. 11. 25. 10. 30.   60.03  376.52    0.00    0.12    0.98    8.46    8.46   93.56    2.92    5.53    0.03    0.00
2022. 11. 25. 10. 45.   71.90  394.99    0.02    0.12    0.92    8.52    8.52   93.41    2.94    5.51    0.06    0.00
2022. 11. 25. 11.  0.   85.39  411.25    0.05    0.11    0.83    8.60    8.60   93.05    2.92    5.44    0.03    0.00
2022. 11. 25. 11. 15.  127.49  430.18    0.07    0.08    0.66    8.69    8.69   92.79    2.87    5.32    0.06    0.00
2022. 11. 25. 11. 30.   91.28  438.87    0.04    0.11    0.89    8.72    8.72   92.74    2.92    5.34    0.03    0.00
2022. 11. 25. 11. 45.   59.38  445.19    0.03    0.12    1.00    8.67    8.67   93.02    3.05    5.52    0.06    0.00
2022. 11. 25. 12.  0.   31.26  449.42    0.03    0.12    1.00    8.56    8.56   93.33    3.10    5.65    0.03    0.00
2022. 11. 25. 12. 15.   23.93  449.60    0.04    0.11    1.00    8.51    8.51   92.98    3.14    5.84    0.06    0.00
2022. 11. 25. 12. 30.  108.31  445.41    0.02    0.11    0.70    8.58    8.58   92.11    2.99    5.61    0.03    0.00
2022. 11. 25. 12. 45.  181.88  439.15    0.00    0.10    0.36    8.72    8.72   91.51    3.14    5.77    0.04    0.00
2022. 11. 25. 13.  0.  245.99  431.06    0.00    0.07    0.01    8.82    8.82   91.39    3.39    6.09    0.02    0.00
2022. 11. 25. 13. 15.  225.66  412.48    0.00    0.07    0.04    8.83    8.83   91.45    3.55    6.33    0.03    0.00
2022. 11. 25. 13. 30.  216.86  395.70    0.00    0.07    0.02    8.82    8.82   91.72    3.56    6.40    0.02    0.00
2022. 11. 25. 13. 45.  203.39  377.28    0.00    0.07    0.02    8.81    8.81   91.89    3.51    6.31    0.03    0.00
2022. 11. 25. 14.  0.  185.85  357.42    0.00    0.09    0.06    8.79    8.79   91.71    3.48    6.26    0.02    0.00
2022. 11. 25. 14. 15.  149.84  321.35    0.00    0.06    0.15    8.76    8.76   91.42    3.51    6.34    0.02    0.00
2022. 11. 25. 14. 30.  122.88  293.12    0.00    0.04    0.25    8.71    8.71   91.12    3.57    6.43    0.01    0.00
2022. 11. 25. 14. 45.   82.20  263.80    0.00    0.03    0.54    8.64    8.64   91.14    3.51    6.42    0.01    0.00
2022. 11. 25. 15.  0.   29.51  233.52    0.00    0.02    1.00    8.62    8.62   90.91    3.44    6.36    0.01    0.00
2022. 11. 25. 15. 15.   59.82  182.42    0.00    0.01    0.31    8.54    8.54   90.97    3.45    6.42    0.01    0.00
2022. 11. 25. 15. 30.   49.79  144.67    0.00    0.01    0.12    8.39    8.39   91.43    3.46    6.50    0.00    0.00
2022. 11. 25. 15. 45.   29.78   97.88    0.00    0.01    0.04    8.16    8.16   92.12    3.43    6.52    0.00    0.00
2022. 11. 25. 16.  0.   29.78   97.88    0.00    0.01    0.04    8.00    8.00   92.47    3.33    6.41    0.00    0.00
2022. 11. 25. 16. 15.    0.39    5.16    0.00    0.00    0.35    7.90    7.90   92.37    3.34    6.44    0.00    0.00
2022. 11. 25. 16. 30.    0.39    5.16    0.00    0.00    0.35    7.83    7.83   92.07    3.45    6.60    0.00    0.00
2022. 11. 25. 16. 45.    0.26    3.37    0.00    0.00    0.24    7.79    7.79   91.81    3.38    6.54    0.00    0.00
2022. 11. 25. 17.  0.    0.00    0.00    0.00    0.00    0.02    7.66    7.66   91.97    3.19    6.34    0.00    0.00
2022. 11. 25. 17. 15.    0.00    0.00    0.00    0.00    0.15    7.57    7.57   92.08    3.05    6.20    0.00    0.00
2022. 11. 25. 17. 30.    0.00    0.00    0.00    0.00    0.15    7.50    7.50   92.12    3.00    6.14    0.00    0.00
2022. 11. 25. 17. 45.    0.00    0.00    0.00    0.00    0.15    7.43    7.43   92.21    2.90    5.98    0.00    0.00
2022. 11. 25. 18.  0.    0.00    0.00    0.00    0.00    0.15    7.35    7.35   92.41    2.77    5.77    0.00    0.00
2022. 11. 25. 18. 15.    0.00    0.00    0.00    0.00    0.72    7.37    7.37   92.44    2.64    5.53    0.00    0.00
2022. 11. 25. 18. 30.    0.00    0.00    0.00    0.00    0.72    7.41    7.41   92.48    2.54    5.29    0.00    0.00
2022. 11. 25. 18. 45.    0.00    0.00    0.00    0.00    0.72    7.39    7.39   92.66    2.44    5.09    0.00    0.00
2022. 11. 25. 19.  0.    0.00    0.00    0.00    0.00    0.72    7.36    7.36   92.81    2.29    4.83    0.00    0.00
2022. 11. 25. 19. 15.    0.00    0.00    0.00    0.00    1.00    7.38    7.38   92.80    2.14    4.60    0.00    0.00
2022. 11. 25. 19. 30.    0.00    0.00    0.00    0.00    1.00    7.40    7.40   92.96    2.03    4.35    0.00    0.00
2022. 11. 25. 19. 45.    0.00    0.00    0.00    0.00    1.00    7.37    7.37   93.46    1.90    4.15    0.00    0.00
2022. 11. 25. 20.  0.    0.00    0.00    0.00    0.00    1.00    7.36    7.36   93.87    1.94    4.30    0.00    0.00
2022. 11. 25. 20. 15.    0.00    0.00    0.00    0.00    0.71    7.32    7.32   94.02    2.09    4.48    0.00    0.00
2022. 11. 25. 20. 30.    0.00    0.00    0.00    0.00    0.71    7.25    7.25   94.23    2.00    4.49    0.00    0.00
2022. 11. 25. 20. 45.    0.00    0.00    0.00    0.00    0.71    7.21    7.21   94.35    1.89    4.55    0.00    0.00
2022. 11. 25. 21.  0.    0.00    0.00    0.00    0.00    0.71    7.18    7.18   94.39    1.89    4.54    0.00    0.00
2022. 11. 25. 21. 15.    0.00    0.00    0.00    0.00    0.00    7.00    7.00   94.68    1.94    4.59    0.00    0.00
2022. 11. 25. 21. 30.    0.00    0.00    0.00    0.00    0.00    6.82    6.82   95.10    1.99    4.83    0.00    0.00
2022. 11. 25. 21. 45.    0.00    0.00    0.00    0.00    0.00    6.76    6.76   95.30    2.19    5.20    0.00    0.00
2022. 11. 25. 22.  0.    0.00    0.00    0.00    0.00    0.00    6.74    6.74   95.40    2.37    5.41    0.00    0.00
2022. 11. 25. 22. 15.    0.00    0.00    0.00    0.00    0.00    6.71    6.71   95.37    2.52    5.58    0.00    0.00
2022. 11. 25. 22. 30.    0.00    0.00    0.00    0.00    0.00    6.68    6.68   95.21    2.64    5.73    0.00    0.00
2022. 11. 25. 22. 45.    0.00    0.00    0.00    0.00    0.00    6.63    6.63   95.02    2.65    5.70    0.00    0.00
2022. 11. 25. 23.  0.    0.00    0.00    0.00    0.00    0.00    6.54    6.54   94.86    2.48    5.43    0.00    0.00
2022. 11. 25. 23. 15.    0.00    0.00    0.00    0.00    0.02    6.42    6.42   94.87    2.23    5.06    0.00    0.00
2022. 11. 25. 23. 30.    0.00    0.00    0.00    0.00    0.02    6.29    6.29   94.92    1.97    4.73    0.00    0.00
2022. 11. 25. 23. 45.    0.00    0.00    0.00    0.00    0.02    6.12    6.12   95.08    1.74    4.45    0.00    0.00
2022. 11. 26.  0.  0.    0.00    0.00    0.00    0.00    0.02    5.88    5.88   95.39    1.59    4.30    0.00    0.00
2022. 11. 26.  0. 15.    0.00    0.00    0.00    0.00    0.01    5.57    5.57   95.86    1.55    4.33    0.00    0.00
2022. 11. 26.  0. 30.    0.00    0.00    0.00    0.00    0.01    5.29    5.29   96.44    1.67    4.63    0.00    0.00
2022. 11. 26.  0. 45.    0.00    0.00    0.00    0.00    0.01    5.28    5.28   96.54    1.83    5.10    0.00    0.00
2022. 11. 26.  1.  0.    0.00    0.00    0.00    0.00    0.01    5.38    5.38   96.41    2.06    5.40    0.00    0.00
2022. 11. 26.  1. 15.    0.00    0.00    0.00    0.00    0.00    5.50    5.50   96.17    2.20    5.43    0.00    0.00
2022. 11. 26.  1. 30.    0.00    0.00    0.00    0.00    0.00    5.53    5.53   96.12    2.16    5.31    0.00    0.00
2022. 11. 26.  1. 45.    0.00    0.00    0.00    0.00    0.00    5.51    5.51   96.19    2.09    5.14    0.00    0.00
2022. 11. 26.  2.  0.    0.00    0.00    0.00    0.00    0.00    5.47    5.47   96.37    2.02    5.03    0.00    0.00
2022. 11. 26.  2. 15.    0.00    0.00    0.00    0.00    0.01    5.42    5.42   96.62    2.05    5.04    0.00    0.00
2022. 11. 26.  2. 30.    0.00    0.00    0.00    0.00    0.01    5.40    5.40   96.78    2.12    5.10    0.00    0.00
2022. 11. 26.  2. 45.    0.00    0.00    0.00    0.00    0.01    5.36    5.36   96.96    2.19    5.18    0.00    0.00
2022. 11. 26.  3.  0.    0.00    0.00    0.00    0.00    0.01    5.31    5.31   97.13    2.27    5.32    0.00    0.00
2022. 11. 26.  3. 15.    0.00    0.00    0.00    0.00    0.01    5.27    5.27   97.20    2.30    5.41    0.00    0.00
2022. 11. 26.  3. 30.    0.00    0.00    0.00    0.00    0.01    5.22    5.22   97.16    2.30    5.46    0.00    0.00
2022. 11. 26.  3. 45.    0.00    0.00    0.00    0.00    0.01    5.16    5.16   97.12    2.30    5.56    0.00    0.00
2022. 11. 26.  4.  0.    0.00    0.00    0.00    0.00    0.01    5.12    5.12   97.07    2.36    5.74    0.00    0.00
2022. 11. 26.  4. 15.    0.00    0.00    0.00    0.00    0.77    5.23    5.23   96.83    2.52    5.81    0.00    0.00
2022. 11. 26.  4. 30.    0.00    0.00    0.00    0.00    0.77    5.37    5.37   96.53    2.54    5.69    0.00    0.00
2022. 11. 26.  4. 45.    0.00    0.00    0.00    0.00    0.77    5.46    5.46   96.43    2.46    5.58    0.00    0.00
2022. 11. 26.  5.  0.    0.00    0.00    0.00    0.00    0.77    5.56    5.56   96.29    2.57    5.61    0.00    0.00
2022. 11. 26.  5. 15.    0.00    0.00    0.06    0.00    1.00    5.66    5.66   96.43    2.61    5.47    0.01    0.00
2022. 11. 26.  5. 30.    0.00    0.00    0.06    0.00    1.00    5.72    5.72   96.54    2.61    5.54    0.01    0.00
2022. 11. 26.  5. 45.    0.00    0.00    0.06    0.00    1.00    5.79    5.79   96.23    2.57    5.46    0.00    0.00
2022. 11. 26.  6.  0.    0.00    0.00    0.06    0.00    1.00    5.81    5.81   96.04    2.62    5.58    0.00    0.00
2022. 11. 26.  6. 15.    0.00    0.00    1.00    0.00    1.00    5.82    5.82   95.90    2.56    5.64    0.00    0.00
2022. 11. 26.  6. 30.    0.00    0.00    1.00    0.00    1.00    5.82    5.82   95.79    2.71    6.02    0.00    0.00
2022. 11. 26.  6. 45.    0.00    0.00    1.00    0.00    1.00    5.86    5.86   95.53    2.82    6.22    0.00    0.00
2022. 11. 26.  7.  0.    0.00    0.00    1.00    0.00    1.00    5.88    5.88   95.41    2.95    6.36    0.00    0.00
2022. 11. 26.  7. 15.    0.00    0.00    1.00    0.00    0.24    5.83    5.83   95.49    2.85    6.23    0.00    0.00
2022. 11. 26.  7. 30.    0.00    0.00    1.00    0.00    0.24    5.81    5.81   95.60    2.76    6.05    0.00    0.00
2022. 11. 26.  7. 45.    0.00    0.00    1.00    0.00    0.24    5.86    5.86   95.70    2.73    5.91    0.00    0.00
2022. 11. 26.  8.  0.    0.00    0.00    1.00    0.00    0.24    5.91    5.91   95.75    2.72    5.93    0.00    0.00
2022. 11. 26.  8. 15.    3.96   61.31    1.00    0.00    1.00    6.05    6.05   95.67    2.68    5.89    0.00    0.00
2022. 11. 26.  8. 30.    3.96   61.31    1.00    0.00    1.00    6.18    6.18   95.59    2.76    5.81    0.00    0.00
2022. 11. 26.  8. 45.    4.85  101.25    1.00    0.00    1.00    6.22    6.22   95.74    2.77    5.64    0.00    0.00
2022. 11. 26.  9.  0.    6.52  176.13    1.00    0.00    1.00    6.25    6.25   95.99    2.77    5.47    0.00    0.00
2022. 11. 26.  9. 15.    8.16  227.37    1.00    0.00    1.00    6.25    6.25   96.29    2.84    5.52    0.00    0.00
2022. 11. 26.  9. 30.   50.14  259.13    1.00    0.00    0.52    6.29    6.29   96.44    3.04    5.89    0.00    0.00
2022. 11. 26.  9. 45.   78.85  288.41    1.00    0.00    0.23    6.40    6.40   96.16    3.25    6.26    0.00    0.00
2022. 11. 26. 10.  0.   95.95  315.52    1.00    0.00    0.11    6.49    6.49   95.45    3.32    6.30    0.00    0.00
2022. 11. 26. 10. 15.  105.03  351.78    1.00    0.00    0.22    6.49    6.49   95.27    3.24    6.05    0.00    0.00
2022. 11. 26. 10. 30.  127.49  372.68    1.00    0.01    0.10    6.50    6.50   95.22    3.27    5.98    0.00    0.00
2022. 11. 26. 10. 45.  145.02  391.07    1.00    0.01    0.03    6.56    6.56   94.86    3.30    5.90    0.00    0.00
2022. 11. 26. 11.  0.  158.22  407.26    1.00    0.02    0.02    6.65    6.65   94.59    3.19    5.71    0.00    0.00
2022. 11. 26. 11. 15.  169.51  426.07    1.00    0.05    0.01    6.76    6.76   94.53    3.07    5.48    0.00    0.00
2022. 11. 26. 11. 30.  177.15  434.69    1.00    0.05    0.02    6.90    6.90   94.57    2.94    5.24    0.00    0.00
2022. 11. 26. 11. 45.  186.36  440.94    1.00    0.05    0.03    7.07    7.07   94.47    2.85    5.04    0.00    0.00
2022. 11. 26. 12.  0.  196.94  445.10    1.00    0.03    0.03    7.26    7.26   94.22    2.77    4.90    0.00    0.00
2022. 11. 26. 12. 15.  208.41  445.18    1.00    0.01    0.02    7.48    7.48   93.75    2.75    4.86    0.00    0.00
2022. 11. 26. 12. 30.  212.52  440.93    0.90    0.01    0.01    7.71    7.71   93.17    2.72    4.86    0.00    0.00
2022. 11. 26. 12. 45.  214.53  434.61    0.79    0.00    0.00    7.93    7.93   92.55    2.74    4.90    0.00    0.00
2022. 11. 26. 13.  0.  214.70  426.46    0.67    0.00    0.00    8.13    8.13   91.87    2.79    5.02    0.00    0.00
2022. 11. 26. 13. 15.  211.16  407.81    0.45    0.00    0.00    8.29    8.29   91.16    2.88    5.21    0.00    0.00
2022. 11. 26. 13. 30.  201.82  390.98    0.36    0.00    0.00    8.41    8.41   90.45    3.07    5.52    0.00    0.00
2022. 11. 26. 13. 45.  190.77  372.51    0.32    0.00    0.00    8.44    8.44   90.13    3.28    5.86    0.00    0.00
2022. 11. 26. 14.  0.  178.23  352.61    0.33    0.01    0.01    8.39    8.39   90.15    3.39    6.02    0.00    0.00
2022. 11. 26. 14. 15.  144.25  316.49    0.36    0.01    0.18    8.31    8.31   90.40    3.24    5.79    0.00    0.00
2022. 11. 26. 14. 30.  121.11  288.24    0.40    0.02    0.27    8.23    8.23   90.76    3.10    5.55    0.00    0.00
2022. 11. 26. 14. 45.   99.33  258.89    0.49    0.04    0.32    8.15    8.15   90.89    3.07    5.51    0.00    0.00
2022. 11. 26. 15.  0.   78.74  228.59    0.62    0.08    0.33    8.05    8.05   90.95    3.09    5.61    0.00    0.00
2022. 11. 26. 15. 15.   50.89  177.47    0.79    0.20    0.33    7.95    7.95   90.88    3.13    5.73    0.00    0.00
2022. 11. 26. 15. 30.   34.53  139.70    0.92    0.46    0.32    7.85    7.85   90.71    3.16    5.83    0.00    0.00
2022. 11. 26. 15. 45.   18.45   92.91    1.00    0.74    0.29    7.74    7.74   90.43    3.16    5.89    0.00    0.00
2022. 11. 26. 16.  0.   18.45   92.91    1.00    0.74    0.29    7.66    7.66   90.26    3.10    5.85    0.00    0.00
2022. 11. 26. 16. 15.    0.00    0.20    1.00    1.00    0.07    7.52    7.52   90.16    3.01    5.75    0.00    0.00
2022. 11. 26. 16. 30.    0.00    0.20    1.00    1.00    0.07    7.36    7.36   90.20    2.89    5.66    0.00    0.00
2022. 11. 26. 16. 45.    0.00    0.13    1.00    1.00    0.05    7.23    7.23   90.06    2.80    5.57    0.00    0.00
2022. 11. 26. 17.  0.    0.00    0.00    1.00    1.00    0.00    7.13    7.13   89.70    2.78    5.57    0.00    0.00
2022. 11. 26. 17. 15.    0.00    0.00    1.00    1.00    0.00    7.05    7.05   89.24    2.80    5.62    0.00    0.00
2022. 11. 26. 17. 30.    0.00    0.00    1.00    1.00    0.00    6.99    6.99   88.83    2.81    5.67    0.00    0.00
2022. 11. 26. 17. 45.    0.00    0.00    1.00    1.00    0.00    6.94    6.94   88.45    2.85    5.74    0.00    0.00
2022. 11. 26. 18.  0.    0.00    0.00    1.00    1.00    0.00    6.88    6.88   88.14    2.88    5.80    0.00    0.00
2022. 11. 26. 18. 15.    0.00    0.00    1.00    1.00    0.00    6.82    6.82   87.92    2.90    5.84    0.00    0.00
2022. 11. 26. 18. 30.    0.00    0.00    1.00    1.00    0.00    6.76    6.76   87.72    2.93    5.90    0.00    0.00
2022. 11. 26. 18. 45.    0.00    0.00    1.00    1.00    0.00    6.70    6.70   87.55    2.97    5.99    0.00    0.00
2022. 11. 26. 19.  0.    0.00    0.00    1.00    1.00    0.00    6.65    6.65   87.34    3.01    6.09    0.00    0.00
2022. 11. 26. 19. 15.    0.00    0.00    0.99    1.00    0.00    6.61    6.61   87.11    3.04    6.18    0.00    0.00
2022. 11. 26. 19. 30.    0.00    0.00    0.99    1.00    0.00    6.58    6.58   86.81    3.02    6.15    0.00    0.00
2022. 11. 26. 19. 45.    0.00    0.00    0.99    1.00    0.00    6.58    6.58   86.53    2.98    6.08    0.00    0.00
2022. 11. 26. 20.  0.    0.00    0.00    0.99    1.00    0.00    6.56    6.56   86.43    3.00    6.13    0.00    0.00
2022. 11. 26. 20. 15.    0.00    0.00    0.40    1.00    0.00    6.52    6.52   86.46    2.99    6.12    0.00    0.00
2022. 11. 26. 20. 30.    0.00    0.00    0.40    1.00    0.00    6.46    6.46   86.54    2.96    6.07    0.00    0.00
2022. 11. 26. 20. 45.    0.00    0.00    0.40    1.00    0.00    6.38    6.38   86.67    2.93    6.00    0.00    0.00
2022. 11. 26. 21.  0.    0.00    0.00    0.40    1.00    0.00    6.29    6.29   86.86    2.87    5.88    0.00    0.00
2022. 11. 26. 21. 15.    0.00    0.00    0.00    0.46    0.00    6.12    6.12   87.44    2.76    5.74    0.00    0.00
2022. 11. 26. 21. 30.    0.00    0.00    0.00    0.46    0.00    5.96    5.96   88.17    2.62    5.64    0.00    0.00
2022. 11. 26. 21. 45.    0.00    0.00    0.00    0.46    0.00    5.85    5.85   88.71    2.52    5.62    0.00    0.00
2022. 11. 26. 22.  0.    0.00    0.00    0.00    0.46    0.00    5.78    5.78   89.14    2.49    5.67    0.00    0.00
2022. 11. 26. 22. 15.    0.00    0.00    0.20    0.16    0.00    5.69    5.69   89.72    2.52    5.78    0.00    0.00
2022. 11. 26. 22. 30.    0.00    0.00    0.20    0.16    0.00    5.62    5.62   90.13    2.59    5.91    0.00    0.00
2022. 11. 26. 22. 45.    0.00    0.00    0.20    0.16    0.00    5.57    5.57   90.22    2.66    6.03    0.00    0.00
2022. 11. 26. 23.  0.    0.00    0.00    0.20    0.16    0.00    5.54    5.54   89.98    2.75    6.08    0.00    0.00
2022. 11. 26. 23. 15.    0.00    0.00    0.15    0.04    0.00    5.46    5.46   89.84    2.78    6.14    0.00    0.00
2022. 11. 26. 23. 30.    0.00    0.00    0.15    0.04    0.00    5.39    5.39   89.56    2.82    6.24    0.00    0.00
2022. 11. 26. 23. 45.    0.00    0.00    0.15    0.04    0.00    5.38    5.38   88.90    2.91    6.40    0.00    0.00
2022. 11. 27.  0.  0.    0.00    0.00    0.15    0.04    0.00    5.39    5.39   87.98    3.04    6.64    0.00    0.00
2022. 11. 27.  0. 15.    0.00    0.00    0.00    0.03    0.00    5.39    5.39   87.13    3.14    6.85    0.00    0.00
2022. 11. 27.  0. 30.    0.00    0.00    0.00    0.02    0.00    5.31    5.31   86.78    3.21    7.01    0.00    0.00
2022. 11. 27.  0. 45.    0.00    0.00    0.00    0.01    0.00    5.17    5.17   86.84    3.27    7.13    0.00    0.00
2022. 11. 27.  1.  0.    0.00    0.00    0.00    0.01    0.00    5.04    5.04   86.92    3.35    7.24    0.00    0.00
2022. 11. 27.  1. 15.    0.00    0.00    0.00    0.00    0.00    4.96    4.96   86.74    3.43    7.35    0.00    0.00
2022. 11. 27.  1. 30.    0.00    0.00    0.00    0.00    0.00    4.89    4.89   86.43    3.48    7.42    0.00    0.00
2022. 11. 27.  1. 45.    0.00    0.00    0.00    0.00    0.00    4.81    4.81   86.16    3.50    7.45    0.00    0.00
2022. 11. 27.  2.  0.    0.00    0.00    0.00    0.00    0.00    4.74    4.74   85.90    3.52    7.53    0.00    0.00
2022. 11. 27.  2. 15.    0.00    0.00    0.00    0.00    0.00    4.70    4.70   85.62    3.60    7.66    0.00    0.00
2022. 11. 27.  2. 30.    0.00    0.00    0.00    0.00    0.00    4.68    4.68   85.39    3.74    7.77    0.00    0.00
2022. 11. 27.  2. 45.    0.00    0.00    0.00    0.00    0.00    4.66    4.66   85.36    3.78    7.77    0.00    0.00
2022. 11. 27.  3.  0.    0.00    0.00    0.00    0.00    0.00    4.66    4.66   85.14    3.70    7.70    0.00    0.00
2022. 11. 27.  3. 15.    0.00    0.00    0.00    0.07    0.00    4.69    4.69   84.45    3.64    7.65    0.00    0.00
2022. 11. 27.  3. 30.    0.00    0.00    0.00    0.07    0.00    4.74    4.74   83.48    3.57    7.58    0.00    0.00
2022. 11. 27.  3. 45.    0.00    0.00    0.00    0.07    0.00    4.77    4.77   82.44    3.48    7.47    0.00    0.00
2022. 11. 27.  4.  0.    0.00    0.00    0.00    0.07    0.00    4.78    4.78   81.53    3.40    7.36    0.00    0.00
2022. 11. 27.  4. 15.    0.00    0.00    0.22    0.03    0.00    4.77    4.77   80.89    3.35    7.32    0.00    0.00
2022. 11. 27.  4. 30.    0.00    0.00    0.22    0.03    0.00    4.75    4.75   80.53    3.32    7.34    0.00    0.00
2022. 11. 27.  4. 45.    0.00    0.00    0.22    0.03    0.00    4.72    4.72   80.24    3.31    7.40    0.00    0.00
2022. 11. 27.  5.  0.    0.00    0.00    0.22    0.03    0.00    4.71    4.71   79.88    3.30    7.45    0.00    0.00
2022. 11. 27.  5. 15.    0.00    0.00    1.00    0.21    0.00    4.82    4.82   79.07    3.25    7.37    0.00    0.00
2022. 11. 27.  5. 30.    0.00    0.00    1.00    0.21    0.00    4.96    4.96   78.18    3.20    7.06    0.00    0.00
2022. 11. 27.  5. 45.    0.00    0.00    1.00    0.21    0.00    5.05    5.05   77.60    3.22    6.92    0.00    0.00
2022. 11. 27.  6.  0.    0.00    0.00    1.00    0.21    0.00    5.15    5.15   76.90    3.35    7.13    0.00    0.00
2022. 11. 27.  6. 15.    0.00    0.00    1.00    0.74    0.00    5.36    5.36   75.58    3.49    7.37    0.00    0.00
2022. 11. 27.  6. 30.    0.00    0.00    1.00    0.74    0.00    5.57    5.57   74.14    3.60    7.45    0.00    0.00
2022. 11. 27.  6. 45.    0.00    0.00    1.00    0.74    0.00    5.75    5.75   72.74    3.65    7.50    0.00    0.00
2022. 11. 27.  7.  0.    0.00    0.00    1.00    0.74    0.00    5.92    5.92   71.08    3.72    7.63    0.00    0.00
2022. 11. 27.  7. 15.    0.00    0.00    1.00    0.58    1.00    6.20    6.20   68.91    3.78    7.68    0.00    0.00
2022. 11. 27.  7. 30.    0.00    0.00    1.00    0.58    1.00    6.49    6.49   66.68    4.01    7.85    0.00    0.00
2022. 11. 27.  7. 45.    0.00    0.00    1.00    0.58    1.00    6.78    6.78   64.54    4.11    7.98    0.00    0.00
2022. 11. 27.  8.  0.    0.00    0.00    1.00    0.58    1.00    6.99    6.99   63.00    4.09    8.10    0.00    0.00
2022. 11. 27.  8. 15.    9.42   58.42    1.00    1.00    0.49    6.98    6.98   63.63    4.13    8.28    0.00    0.00
2022. 11. 27.  8. 30.    9.42   58.42    1.00    1.00    0.49    6.86    6.86   64.71    4.11    8.31    0.00    0.00
2022. 11. 27.  8. 45.   13.94   98.27    1.00    1.00    0.52    6.76    6.76   65.73    4.03    8.14    0.00    0.00
2022. 11. 27.  9.  0.   22.40  173.01    1.00    1.00    0.58    6.67    6.67   67.26    3.93    7.94    0.00    0.00
2022. 11. 27.  9. 15.   38.86  224.12    1.00    1.00    0.36    6.61    6.61   68.47    3.90    7.88    0.00    0.00
2022. 11. 27.  9. 30.   38.86  224.12    1.00    1.00    0.36    6.58    6.58   69.22    3.94    7.98    0.00    0.00
2022. 11. 27.  9. 45.   52.80  298.94    1.00    1.00    0.84    6.57    6.57   70.26    3.97    8.02    0.00    0.00
2022. 11. 27. 10.  0.   54.44  312.04    1.00    1.00    0.95    6.56    6.56   71.10    3.93    7.91    0.00    0.00
2022. 11. 27. 10. 15.   60.90  348.17    1.00    1.00    1.00    6.57    6.57   71.61    3.87    7.77    0.00    0.00
2022. 11. 27. 10. 30.   65.99  368.99    1.00    1.00    1.00    6.63    6.63   71.76    3.85    7.73    0.00    0.00
2022. 11. 27. 10. 45.   69.36  387.30    1.00    1.00    1.00    6.72    6.72   71.55    3.86    7.72    0.00    0.00
2022. 11. 27. 11.  0.   71.24  403.42    1.00    1.00    1.00    6.84    6.84   71.14    3.89    7.79    0.00    0.00
2022. 11. 27. 11. 15.   64.65  422.11    1.00    1.00    1.00    6.97    6.97   70.36    3.96    7.94    0.00    0.00
2022. 11. 27. 11. 30.   53.75  430.66    1.00    1.00    1.00    7.11    7.11   69.30    4.03    8.05    0.00    0.00
2022. 11. 27. 11. 45.   46.43  436.83    1.00    1.00    0.98    7.20    7.20   68.42    4.06    8.10    0.00    0.00
2022. 11. 27. 12.  0.   42.22  440.92    1.00    1.00    0.93    7.23    7.23   68.02    4.06    8.08    0.00    0.00
2022. 11. 27. 12. 15.   46.54  440.90    1.00    1.00    0.80    7.22    7.22   68.08    4.08    8.09    0.00    0.00
2022. 11. 27. 12. 30.   35.92  436.59    1.00    1.00    0.93    7.20    7.20   68.04    4.09    8.09    0.00    0.00
2022. 11. 27. 12. 45.   30.00  430.20    1.00    1.00    1.00    7.18    7.18   68.00    4.04    8.04    0.00    0.00
2022. 11. 27. 13.  0.   28.19  421.99    1.00    1.00    1.00    7.18    7.18   67.97    3.92    7.88    0.00    0.00
2022. 11. 27. 13. 15.   41.56  403.26    1.00    1.00    0.69    7.20    7.20   68.14    3.78    7.65    0.00    0.00
2022. 11. 27. 13. 30.   49.16  386.38    1.00    1.00    0.47    7.23    7.23   68.19    3.67    7.46    0.00    0.00
2022. 11. 27. 13. 45.   52.49  367.87    1.00    1.00    0.26    7.33    7.33   67.58    3.63    7.43    0.00    0.00
2022. 11. 27. 14.  0.   52.08  347.92    1.00    1.00    0.07    7.50    7.50   66.06    3.73    7.61    0.00    0.00
2022. 11. 27. 14. 15.   43.04  311.75    1.00    1.00    0.05    7.68    7.68   64.49    3.90    7.89    0.00    0.00
2022. 11. 27. 14. 30.   37.62  283.46    1.00    1.00    0.04    7.74    7.74   64.16    4.05    8.09    0.00    0.00
2022. 11. 27. 14. 45.   31.17  247.61    1.00    1.00    0.03    7.68    7.68   64.68    4.08    8.10    0.00    0.00
2022. 11. 27. 15.  0.   31.17  247.61    1.00    1.00    0.03    7.58    7.58   65.70    4.05    8.02    0.00    0.00
2022. 11. 27. 15. 15.   19.24  172.61    1.00    1.00    0.02    7.48    7.48   66.19    4.01    7.92    0.00    0.00
2022. 11. 27. 15. 30.   19.24  172.61    1.00    1.00    0.02    7.41    7.41   66.60    3.97    7.85    0.00    0.00
2022. 11. 27. 15. 45.    8.24   88.04    1.00    1.00    0.02    7.36    7.36   66.46    3.92    7.75    0.00    0.00
2022. 11. 27. 16.  0.    8.24   88.04    1.00    1.00    0.02    7.32    7.32   66.42    3.85    7.62    0.00    0.00
2022. 11. 27. 16. 15.    0.00    0.00    1.00    1.00    0.00    7.28    7.28   65.71    3.79    7.52    0.00    0.00
2022. 11. 27. 16. 30.    0.00    0.00    1.00    1.00    0.00    7.26    7.26   65.32    3.74    7.45    0.00    0.00
2022. 11. 27. 16. 45.    0.00    0.00    1.00    1.00    0.00    7.21    7.21   65.44    3.72    7.43    0.00    0.00
2022. 11. 27. 17.  0.    0.00    0.00    1.00    1.00    0.00    7.15    7.15   65.80    3.76    7.48    0.00    0.00
2022. 11. 27. 17. 15.    0.00    0.00    1.00    1.00    0.00    7.07    7.07   66.33    3.82    7.57    0.00    0.00
2022. 11. 27. 17. 30.    0.00    0.00    1.00    1.00    0.00    6.99    6.99   66.96    3.85    7.65    0.00    0.00
2022. 11. 27. 17. 45.    0.00    0.00    1.00    1.00    0.00    6.91    6.91   67.60    3.86    7.68    0.00    0.00
2022. 11. 27. 18.  0.    0.00    0.00    1.00    1.00    0.00    6.84    6.84   68.20    3.87    7.70    0.00    0.00
2022. 11. 27. 18. 15.    0.00    0.00    1.00    0.97    0.00    6.79    6.79   68.71    3.87    7.71    0.00    0.00
2022. 11. 27. 18. 30.    0.00    0.00    1.00    0.97    0.00    6.75    6.75   69.07    3.85    7.67    0.00    0.00
2022. 11. 27. 18. 45.    0.00    0.00    1.00    0.97    0.00    6.73    6.73   69.29    3.82    7.61    0.00    0.00
2022. 11. 27. 19.  0.    0.00    0.00    1.00    0.97    0.00    6.73    6.73   69.43    3.77    7.53    0.00    0.00
2022. 11. 27. 19. 15.    0.00    0.00    1.00    0.96    0.00    6.74    6.74   69.55    3.73    7.46    0.00    0.00
2022. 11. 27. 19. 30.    0.00    0.00    1.00    0.96    0.00    6.75    6.75   69.69    3.68    7.38    0.00    0.00
2022. 11. 27. 19. 45.    0.00    0.00    1.00    0.96    0.00    6.75    6.75   69.87    3.63    7.27    0.00    0.00
2022. 11. 27. 20.  0.    0.00    0.00    1.00    0.96    0.00    6.74    6.74   70.16    3.56    7.14    0.00    0.00
2022. 11. 27. 20. 15.    0.00    0.00    1.00    1.00    0.00    6.73    6.73   70.53    3.49    7.01    0.00    0.00
2022. 11. 27. 20. 30.    0.00    0.00    1.00    1.00    0.00    6.71    6.71   70.94    3.42    6.87    0.00    0.00
2022. 11. 27. 20. 45.    0.00    0.00    1.00    1.00    0.00    6.67    6.67   71.39    3.35    6.75    0.00    0.00
2022. 11. 27. 21.  0.    0.00    0.00    1.00    1.00    0.00    6.64    6.64   71.85    3.28    6.65    0.00    0.00
2022. 11. 27. 21. 15.    0.00    0.00    1.00    1.00    0.00    6.59    6.59   72.39    3.23    6.58    0.00    0.00
2022. 11. 27. 21. 30.    0.00    0.00    1.00    1.00    0.00    6.53    6.53   72.95    3.19    6.53    0.00    0.00
2022. 11. 27. 21. 45.    0.00    0.00    1.00    1.00    0.00    6.48    6.48   73.50    3.16    6.50    0.00    0.00
2022. 11. 27. 22.  0.    0.00    0.00    1.00    1.00    0.00    6.43    6.43   74.02    3.13    6.47    0.00    0.00
2022. 11. 27. 22. 15.    0.00    0.00    1.00    1.00    0.00    6.38    6.38   74.51    3.10    6.45    0.00    0.00
2022. 11. 27. 22. 30.    0.00    0.00    1.00    1.00    0.00    6.32    6.32   75.01    3.07    6.43    0.00    0.00
2022. 11. 27. 22. 45.    0.00    0.00    1.00    1.00    0.00    6.27    6.27   75.47    3.06    6.41    0.00    0.00
2022. 11. 27. 23.  0.    0.00    0.00    1.00    1.00    0.00    6.22    6.22   75.93    3.03    6.36    0.00    0.00
2022. 11. 27. 23. 15.    0.00    0.00    1.00    1.00    0.00    6.16    6.16   76.35    3.01    6.30    0.00    0.00
2022. 11. 27. 23. 30.    0.00    0.00    1.00    1.00    0.00    6.11    6.11   76.71    3.00    6.25    0.00    0.00
2022. 11. 27. 23. 45.    0.00    0.00    1.00    1.00    0.00    6.07    6.07   77.04    3.00    6.23    0.00    0.00
2022. 11. 28.  0.  0.    0.00    0.00    1.00    1.00    0.00    6.03    6.03   77.28    3.02    6.23    0.00    0.00
2022. 11. 28.  0. 15.    0.00    0.00    1.00    1.00    0.00    5.99    5.99   77.47    3.04    6.22    0.00    0.00
2022. 11. 28.  0. 30.    0.00    0.00    1.00    1.00    0.00    5.95    5.95   77.71    3.01    6.14    0.00    0.00
2022. 11. 28.  0. 45.    0.00    0.00    1.00    1.00    0.00    5.91    5.91   77.97    2.98    6.04    0.00    0.00
2022. 11. 28.  1.  0.    0.00    0.00    1.00    1.00    0.00    5.86    5.86   78.25    2.95    5.96    0.00    0.00
2022. 11. 28.  1. 15.    0.00    0.00    1.00    1.00    0.00    5.81    5.81   78.49    2.92    5.91    0.00    0.00
2022. 11. 28.  1. 30.    0.00    0.00    1.00    1.00    0.00    5.77    5.77   78.62    2.92    5.88    0.00    0.00
2022. 11. 28.  1. 45.    0.00    0.00    1.00    1.00    0.00    5.73    5.73   78.65    2.91    5.85    0.00    0.00
2022. 11. 28.  2.  0.    0.00    0.00    1.00    1.00    0.00    5.72    5.72   78.49    2.91    5.86    0.00    0.00
2022. 11. 28.  2. 15.    0.00    0.00    1.00    1.00    0.00    5.72    5.72   78.13    2.91    5.88    0.00    0.00
2022. 11. 28.  2. 30.    0.00    0.00    1.00    1.00    0.00    5.73    5.73   77.60    2.89    5.87    0.00    0.00
2022. 11. 28.  2. 45.    0.00    0.00    1.00    1.00    0.00    5.76    5.76   76.94    2.86    5.85    0.00    0.00
2022. 11. 28.  3.  0.    0.00    0.00    1.00    1.00    0.00    5.79    5.79   76.19    2.82    5.82    0.00    0.00
2022. 11. 28.  3. 15.    0.00    0.00    1.00    1.00    0.01    5.85    5.85   75.34    2.76    5.77    0.00    0.00
2022. 11. 28.  3. 30.    0.00    0.00    1.00    1.00    0.01    5.91    5.91   74.53    2.73    5.70    0.00    0.00
2022. 11. 28.  3. 45.    0.00    0.00    1.00    1.00    0.01    5.95    5.95   73.94    2.69    5.64    0.00    0.00
2022. 11. 28.  4.  0.    0.00    0.00    1.00    1.00    0.01    5.98    5.98   73.48    2.66    5.59    0.00    0.00
2022. 11. 28.  4. 15.    0.00    0.00    1.00    1.00    0.01    6.01    6.01   73.10    2.65    5.54    0.00    0.00
2022. 11. 28.  4. 30.    0.00    0.00    1.00    1.00    0.01    6.03    6.03   72.85    2.62    5.49    0.00    0.00
2022. 11. 28.  4. 45.    0.00    0.00    1.00    1.00    0.01    6.05    6.05   72.65    2.65    5.51    0.00    0.00
2022. 11. 28.  5.  0.    0.00    0.00    1.00    1.00    0.01    6.04    6.04   72.64    2.78    5.69    0.00    0.00
2022. 11. 28.  5. 15.    0.00    0.00    0.98    1.00    0.82    6.03    6.03   72.88    2.93    5.88    0.00    0.00
2022. 11. 28.  5. 30.    0.00    0.00    0.98    1.00    0.82    5.99    5.99   73.24    3.26    6.35    0.00    0.00
2022. 11. 28.  5. 45.    0.00    0.00    0.98    1.00    0.82    5.89    5.89   73.85    3.60    6.74    0.00    0.00
2022. 11. 28.  6.  0.    0.00    0.00    0.98    1.00    0.82    5.79    5.79   74.36    3.72    6.95    0.00    0.00
2022. 11. 28.  6. 15.    0.00    0.00    0.65    1.00    1.00    5.65    5.65   75.93    3.88    7.21    0.02    0.00
2022. 11. 28.  6. 30.    0.00    0.00    0.65    1.00    1.00    5.41    5.41   79.11    3.98    7.38    0.04    0.00
2022. 11. 28.  6. 45.    0.00    0.00    0.65    1.00    1.00    5.17    5.17   82.01    3.92    7.36    0.04    0.00
2022. 11. 28.  7.  0.    0.00    0.00    0.65    1.00    1.00    5.01    5.01   84.01    3.82    7.23    0.03    0.00
2022. 11. 28.  7. 15.    0.00    0.00    0.48    1.00    1.00    4.88    4.88   85.73    3.79    7.19    0.04    0.00
2022. 11. 28.  7. 30.    0.00    0.00    0.48    1.00    1.00    4.74    4.74   88.13    3.72    7.11    0.06    0.00
2022. 11. 28.  7. 45.    0.00    0.00    0.48    1.00    1.00    4.60    4.60   91.10    3.57    6.93    0.10    0.00
2022. 11. 28.  8.  0.    0.00    0.00    0.48    1.00    1.00    4.52    4.52   93.73    3.50    6.86    0.12    0.00
2022. 11. 28.  8. 15.    0.96   55.68    0.52    0.72    1.00    4.41    4.41   95.62    3.46    6.74    0.10    0.00
2022. 11. 28.  8. 30.    0.96   55.68    0.52    0.72    1.00    4.25    4.25   97.26    3.27    6.43    0.12    0.00
2022. 11. 28.  8. 45.    2.55   95.46    0.53    0.74    1.00    4.12    4.12   98.40    3.22    6.26    0.14    0.00
2022. 11. 28.  9.  0.    5.53  170.05    0.55    0.80    1.00    4.23    4.23   98.29    3.29    6.25    0.10    0.00
2022. 11. 28.  9. 15.    9.61  221.04    0.56    1.00    1.00    4.38    4.38   98.08    3.44    6.44    0.09    0.00
2022. 11. 28.  9. 30.    9.61  221.04    0.56    1.00    1.00    4.55    4.55   98.14    3.65    6.84    0.11    0.00
2022. 11. 28.  9. 45.   10.87  295.65    0.55    1.00    1.00    4.71    4.71   98.48    3.46    6.59    0.12    0.00
2022. 11. 28. 10.  0.   10.66  308.71    0.55    1.00    1.00    4.86    4.86   98.82    3.20    6.11    0.12    0.00
2022. 11. 28. 10. 15.   11.98  344.72    0.69    1.00    1.00    4.99    4.99   98.97    2.99    5.68    0.16    0.00
2022. 11. 28. 10. 30.   12.47  365.46    0.75    1.00    1.00    5.08    5.08   99.20    2.69    5.26    0.18    0.00
2022. 11. 28. 10. 45.   12.49  383.69    0.78    1.00    1.00    5.17    5.17   99.45    2.52    5.00    0.21    0.00
2022. 11. 28. 11.  0.   12.10  399.72    0.81    1.00    1.00    5.28    5.28   99.37    2.46    4.84    0.15    0.00
2022. 11. 28. 11. 15.   16.26  418.30    0.71    0.99    1.00    5.42    5.42   99.14    2.30    4.45    0.07    0.00
2022. 11. 28. 11. 30.   17.88  426.76    0.51    1.00    1.00    5.55    5.55   99.03    2.23    4.26    0.07    0.00
2022. 11. 28. 11. 45.   19.22  432.86    0.39    1.00    1.00    5.66    5.66   99.13    2.05    3.96    0.10    0.00
2022. 11. 28. 12.  0.   20.31  436.88    0.34    1.00    1.00    5.77    5.77   99.23    1.80    3.60    0.09    0.00
2022. 11. 28. 12. 15.   17.93  436.75    0.24    1.00    1.00    5.87    5.87   99.29    1.71    3.48    0.09    0.00
2022. 11. 28. 12. 30.   19.11  432.37    0.22    1.00    1.00    5.99    5.99   99.19    1.64    3.40    0.05    0.00
2022. 11. 28. 12. 45.   22.04  425.92    0.24    1.00    1.00    6.14    6.14   98.89    1.68    3.47    0.01    0.00
2022. 11. 28. 13.  0.   26.49  417.66    0.29    1.00    1.00    6.31    6.31   98.68    1.88    3.83    0.01    0.00
2022. 11. 28. 13. 15.   35.43  398.83    0.50    0.97    1.00    6.54    6.54   98.52    2.03    4.02    0.01    0.00
2022. 11. 28. 13. 30.   37.26  381.90    0.64    0.75    1.00    6.77    6.77   98.27    2.10    4.09    0.00    0.00
2022. 11. 28. 13. 45.   46.91  363.34    0.71    0.60    0.92    6.96    6.96   97.97    2.28    4.36    0.00    0.00
2022. 11. 28. 14.  0.   63.43  343.36    0.73    0.51    0.76    7.12    7.12   97.43    2.46    4.58    0.00    0.00
2022. 11. 28. 14. 15.   91.86  307.12    0.77    0.52    0.27    7.24    7.24   96.83    2.38    4.46    0.00    0.00
2022. 11. 28. 14. 30.   77.01  278.80    0.83    0.76    0.32    7.31    7.31   96.33    2.13    4.11    0.00    0.00
2022. 11. 28. 14. 45.   56.47  249.39    0.86    0.92    0.50    7.33    7.33   96.07    1.86    3.73    0.00    0.00
2022. 11. 28. 15.  0.   30.96  219.04    0.87    1.00    0.79    7.29    7.29   96.16    1.59    3.41    0.00    0.00
2022. 11. 28. 15. 15.   19.12  167.87    0.72    1.00    0.84    7.24    7.24   96.43    1.47    3.32    0.00    0.00
2022. 11. 28. 15. 30.   19.12  167.87    0.72    1.00    0.84    7.20    7.20   96.74    1.43    3.35    0.00    0.00
2022. 11. 28. 15. 45.   15.80   83.27    0.51    0.18    0.56    7.13    7.13   96.94    1.34    3.25    0.00    0.00
2022. 11. 28. 16.  0.   15.80   83.27    0.51    0.18    0.56    7.05    7.05   97.26    1.29    3.36    0.00    0.00
2022. 11. 28. 16. 15.    0.00    0.00    0.48    0.09    0.74    7.04    7.04   97.31    1.66    3.70    0.00    0.00
2022. 11. 28. 16. 30.    0.00    0.00    0.48    0.09    0.74    7.06    7.06   96.69    1.93    4.04    0.00    0.00
2022. 11. 28. 16. 45.    0.00    0.00    0.59    0.09    0.49    7.03    7.03   95.96    2.05    4.39    0.00    0.00
2022. 11. 28. 17.  0.    0.00    0.00    0.78    0.11    0.01    6.82    6.82   96.09    2.04    4.59    0.00    0.00
2022. 11. 28. 17. 15.    0.00    0.00    0.93    0.15    0.76    6.74    6.74   96.47    2.08    4.86    0.00    0.00
2022. 11. 28. 17. 30.    0.00    0.00    0.93    0.15    0.76    6.71    6.71   96.51    2.16    4.88    0.00    0.00
2022. 11. 28. 17. 45.    0.00    0.00    0.93    0.15    0.76    6.66    6.66   96.51    2.19    4.81    0.00    0.00
2022. 11. 28. 18.  0.    0.00    0.00    0.93    0.15    0.76    6.56    6.56   96.57    2.26    4.77    0.00    0.00
2022. 11. 28. 18. 15.    0.00    0.00    1.00    0.01    1.00    6.47    6.47   96.73    2.35    4.92    0.00    0.00
2022. 11. 28. 18. 30.    0.00    0.00    1.00    0.01    1.00    6.44    6.44   96.73    2.48    5.05    0.00    0.00
2022. 11. 28. 18. 45.    0.00    0.00    1.00    0.01    1.00    6.42    6.42   96.83    2.45    4.96    0.00    0.00
2022. 11. 28. 19.  0.    0.00    0.00    1.00    0.01    1.00    6.41    6.41   96.96    2.35    4.74    0.00    0.00
2022. 11. 28. 19. 15.    0.00    0.00    1.00    0.44    1.00    6.40    6.40   97.24    2.20    4.45    0.01    0.00
2022. 11. 28. 19. 30.    0.00    0.00    1.00    0.44    1.00    6.38    6.38   97.60    2.17    4.36    0.01    0.00
2022. 11. 28. 19. 45.    0.00    0.00    1.00    0.44    1.00    6.40    6.40   97.87    2.19    4.37    0.00    0.00
2022. 11. 28. 20.  0.    0.00    0.00    1.00    0.44    1.00    6.46    6.46   97.87    2.22    4.46    0.00    0.00
2022. 11. 28. 20. 15.    0.00    0.00    1.00    0.33    0.54    6.50    6.50   97.62    2.41    4.89    0.00    0.00
2022. 11. 28. 20. 30.    0.00    0.00    1.00    0.33    0.54    6.50    6.50   98.07    2.39    5.03    0.04    0.00
2022. 11. 28. 20. 45.    0.00    0.00    1.00    0.33    0.54    6.56    6.56   98.44    2.84    5.81    0.05    0.00
2022. 11. 28. 21.  0.    0.00    0.00    1.00    0.33    0.54    6.71    6.71   97.59    2.69    5.54    0.01    0.00
2022. 11. 28. 21. 15.    0.00    0.00    1.00    0.00    0.18    6.65    6.65   97.64    2.04    4.49    0.00    0.00
2022. 11. 28. 21. 30.    0.00    0.00    1.00    0.00    0.18    6.51    6.51   98.21    1.92    4.22    0.00    0.00
2022. 11. 28. 21. 45.    0.00    0.00    1.00    0.00    0.18    6.32    6.32   99.37    1.80    4.11    0.04    0.00
2022. 11. 28. 22.  0.    0.00    0.00    1.00    0.00    0.18    6.25    6.25   99.43    1.87    4.46    0.03    0.00
2022. 11. 28. 22. 15.    0.00    0.00    1.00    0.00    0.17    6.33    6.33   98.66    1.69    3.91    0.00    0.00
2022. 11. 28. 22. 30.    0.00    0.00    1.00    0.00    0.17    6.31    6.31   98.59    1.66    3.88    0.00    0.00
2022. 11. 28. 22. 45.    0.00    0.00    1.00    0.00    0.17    6.32    6.32   98.23    1.65    3.77    0.00    0.00
2022. 11. 28. 23.  0.    0.00    0.00    1.00    0.00    0.17    6.25    6.25   98.19    1.24    3.09    0.00    0.00
2022. 11. 28. 23. 15.    0.00    0.00    1.00    0.00    1.00    6.10    6.10   99.22    0.99    2.73    0.01    0.00
2022. 11. 28. 23. 30.    0.00    0.00    1.00    0.00    1.00    6.10    6.10   99.83    1.08    3.36    0.05    0.00
2022. 11. 28. 23. 45.    0.00    0.00    1.00    0.00    1.00    6.12    6.12  100.00    1.18    3.67    0.10    0.00
2022. 11. 29.  0.  0.    0.00    0.00    1.00    0.00    1.00    6.23    6.23   99.86    1.48    3.55    0.03    0.00
2022. 11. 29.  0. 15.    0.00    0.00    1.00    0.00    0.88    6.35    6.35   99.43    1.70    3.53    0.00    0.00
2022. 11. 29.  0. 30.    0.00    0.00    1.00    0.00    0.94    6.42    6.42   98.95    1.89    3.78    0.00    0.00
2022. 11. 29.  0. 45.    0.00    0.00    1.00    0.00    0.96    6.44    6.44   98.86    1.78    3.60    0.01    0.00
2022. 11. 29.  1.  0.    0.00    0.00    1.00    0.00    0.96    6.33    6.33   99.66    1.67    3.54    0.08    0.00
2022. 11. 29.  1. 15.    0.00    0.00    1.00    0.00    1.00    6.24    6.24   99.75    1.85    3.90    0.13    0.00
2022. 11. 29.  1. 30.    0.00    0.00    1.00    0.00    1.00    6.26    6.26   98.91    1.97    4.03    0.01    0.00
2022. 11. 29.  1. 45.    0.00    0.00    1.00    0.00    1.00    6.31    6.31   98.45    2.02    4.02    0.00    0.00
2022. 11. 29.  2.  0.    0.00    0.00    1.00    0.00    1.00    6.30    6.30   98.61    1.96    3.83    0.01    0.00
2022. 11. 29.  2. 15.    0.00    0.00    0.80    0.00    1.00    6.23    6.23   98.54    2.11    4.01    0.00    0.00
2022. 11. 29.  2. 30.    0.00    0.00    0.80    0.00    1.00    6.16    6.16   98.56    2.16    4.08    0.00    0.00
2022. 11. 29.  2. 45.    0.00    0.00    0.80    0.00    1.00    6.07    6.07   98.89    2.19    4.00    0.01    0.00
2022. 11. 29.  3.  0.    0.00    0.00    0.80    0.00    1.00    6.00    6.00   98.87    2.40    4.47    0.02    0.00
2022. 11. 29.  3. 15.    0.00    0.00    0.43    0.00    1.00    6.05    6.05   97.86    2.55    4.73    0.01    0.00
2022. 11. 29.  3. 30.    0.00    0.00    0.43    0.00    1.00    6.05    6.05   97.89    2.16    4.11    0.01    0.00
2022. 11. 29.  3. 45.    0.00    0.00    0.43    0.00    1.00    5.95    5.95   98.89    1.94    3.82    0.03    0.00
2022. 11. 29.  4.  0.    0.00    0.00    0.43    0.00    1.00    5.92    5.92   99.18    2.10    4.21    0.03    0.00
2022. 11. 29.  4. 15.    0.00    0.00    0.52    0.00    1.00    6.01    6.01   98.51    2.26    4.36    0.00    0.00
2022. 11. 29.  4. 30.    0.00    0.00    0.52    0.00    1.00    6.07    6.07   98.03    1.95    3.86    0.00    0.00
2022. 11. 29.  4. 45.    0.00    0.00    0.52    0.00    1.00    6.05    6.05   98.18    1.61    3.39    0.00    0.00
2022. 11. 29.  5.  0.    0.00    0.00    0.52    0.00    1.00    6.01    6.01   98.39    1.73    3.68    0.00    0.00
2022. 11. 29.  5. 15.    0.00    0.00    0.50    0.00    1.00    6.01    6.01   98.05    2.13    4.20    0.00    0.00
2022. 11. 29.  5. 30.    0.00    0.00    0.50    0.00    1.00    6.00    6.00   97.68    2.22    4.37    0.00    0.00
2022. 11. 29.  5. 45.    0.00    0.00    0.50    0.00    1.00    5.97    5.97   97.45    2.15    4.39    0.00    0.00
2022. 11. 29.  6.  0.    0.00    0.00    0.50    0.00    1.00    5.97    5.97   97.02    2.17    4.42    0.00    0.00
2022. 11. 29.  6. 15.    0.00    0.00    0.55    0.00    1.00    5.93    5.93   96.70    2.15    4.40    0.00    0.00
2022. 11. 29.  6. 30.    0.00    0.00    0.55    0.00    1.00    5.89    5.89   96.85    2.10    4.30    0.00    0.00
2022. 11. 29.  6. 45.    0.00    0.00    0.55    0.00    1.00    5.85    5.85   97.07    1.99    4.06    0.00    0.00
2022. 11. 29.  7.  0.    0.00    0.00    0.55    0.00    1.00    5.80    5.80   97.38    1.87    3.86    0.01    0.00
2022. 11. 29.  7. 15.    0.00    0.00    0.41    0.00    1.00    5.73    5.73   98.21    1.99    4.00    0.05    0.00
2022. 11. 29.  7. 30.    0.00    0.00    0.41    0.00    1.00    5.68    5.68   98.66    2.07    4.13    0.05    0.00
2022. 11. 29.  7. 45.    0.00    0.00    0.41    0.00    1.00    5.71    5.71   98.14    2.07    4.10    0.01    0.00
2022. 11. 29.  8.  0.    0.00    0.00    0.41    0.00    1.00    5.74    5.74   97.54    1.91    3.93    0.00    0.00
2022. 11. 29.  8. 15.    9.54   53.11    0.41    0.00    0.21    5.64    5.64   97.34    1.86    3.97    0.00    0.00
2022. 11. 29.  8. 30.    9.54   53.11    0.41    0.00    0.21    5.53    5.53   97.39    1.96    4.31    0.00    0.00
2022. 11. 29.  8. 45.   25.45   92.81    0.33    0.00    0.24    5.49    5.49   97.50    2.10    4.54    0.00    0.00
2022. 11. 29.  9.  0.   55.29  167.24    0.19    0.00    0.28    5.52    5.52   97.58    2.07    4.43    0.00    0.00
2022. 11. 29.  9. 15.   55.97  218.12    0.07    0.00    0.60    5.51    5.51   97.73    2.09    4.43    0.00    0.00
2022. 11. 29.  9. 30.   55.97  218.12    0.07    0.00    0.60    5.53    5.53   97.68    2.22    4.81    0.00    0.00
2022. 11. 29.  9. 45.   34.35  292.52    0.01    0.00    1.00    5.68    5.68   97.39    2.42    4.88    0.00    0.00
2022. 11. 29. 10.  0.   37.10  305.54    0.01    0.00    1.00    5.78    5.78   97.59    2.64    4.74    0.00    0.00
2022. 11. 29. 10. 15.   41.25  341.42    0.00    0.00    1.00    5.76    5.76   97.89    2.63    4.64    0.00    0.00
2022. 11. 29. 10. 30.  107.37  362.08    0.00    0.00    0.71    5.78    5.78   97.99    2.33    4.14    0.00    0.00
2022. 11. 29. 10. 45.   97.14  380.22    0.00    0.00    0.72    5.81    5.81   98.07    1.96    3.41    0.01    0.00
2022. 11. 29. 11.  0.   20.08  396.18    0.00    0.00    1.00    5.65    5.65   98.77    1.89    3.50    0.06    0.00
2022. 11. 29. 11. 15.   20.46  414.63    0.00    0.00    1.00    5.62    5.62   99.09    1.84    3.58    0.10    0.00
2022. 11. 29. 11. 30.   76.45  423.02    0.00    0.00    0.93    5.72    5.72   98.79    1.68    3.19    0.03    0.00
2022. 11. 29. 11. 45.   93.27  429.04    0.00    0.00    0.93    5.93    5.93   98.21    1.65    2.98    0.01    0.00
2022. 11. 29. 12.  0.   75.82  432.99    0.00    0.00    1.00    6.03    6.03   98.05    1.83    3.30    0.01    0.00
2022. 11. 29. 12. 15.   59.93  432.75    0.00    0.00    1.00    6.11    6.11   97.49    2.42    4.20    0.01    0.00
2022. 11. 29. 12. 30.   75.82  428.30    0.00    0.00    1.00    6.19    6.19   96.46    2.52    4.45    0.00    0.00
2022. 11. 29. 12. 45.   72.87  421.78    0.00    0.00    1.00    6.22    6.22   95.85    2.14    3.78    0.00    0.00
2022. 11. 29. 13.  0.   53.43  413.45    0.00    0.00    1.00    6.17    6.17   96.32    1.81    3.30    0.01    0.00
2022. 11. 29. 13. 15.   33.92  394.54    0.00    0.00    1.00    6.11    6.11   96.79    2.07    3.73    0.01    0.00
2022. 11. 29. 13. 30.   94.32  377.56    0.00    0.00    0.67    6.15    6.15   96.52    2.19    4.04    0.00    0.00
2022. 11. 29. 13. 45.  145.02  358.94    0.00    0.00    0.34    6.29    6.29   95.60    1.79    3.28    0.00    0.00
2022. 11. 29. 14.  0.  187.21  338.91    0.00    0.00    0.01    6.41    6.41   95.01    1.36    2.49    0.00    0.00
2022. 11. 29. 14. 15.  119.30  302.61    0.00    0.00    0.40    6.43    6.43   94.95    1.39    2.47    0.00    0.00
2022. 11. 29. 14. 30.   63.24  274.25    0.00    0.00    0.81    6.36    6.36   95.49    1.56    2.75    0.00    0.00
2022. 11. 29. 14. 45.   32.15  244.81    0.00    0.00    1.00    6.28    6.28   96.23    1.66    3.02    0.00    0.00
2022. 11. 29. 15.  0.   22.91  214.44    0.00    0.00    1.00    6.19    6.19   96.59    1.78    3.26    0.00    0.00
2022. 11. 29. 15. 15.   13.22  163.23    0.00    0.00    1.00    6.10    6.10   96.56    1.87    3.41    0.00    0.00
2022. 11. 29. 15. 30.   13.22  163.23    0.00    0.00    1.00    6.00    6.00   96.31    1.97    3.55    0.00    0.00
2022. 11. 29. 15. 45.    3.82   78.60    0.00    0.00    1.00    5.88    5.88   96.09    1.97    3.57    0.00    0.00
2022. 11. 29. 16.  0.    3.82   78.60    0.00    0.00    1.00    5.77    5.77   96.21    1.79    3.40    0.00    0.00
2022. 11. 29. 16. 15.    0.00    0.00    0.00    0.00    1.00    5.63    5.63   96.34    1.64    3.18    0.00    0.00
2022. 11. 29. 16. 30.    0.00    0.00    0.00    0.00    1.00    5.50    5.50   96.62    1.51    3.06    0.00    0.00
2022. 11. 29. 16. 45.    0.00    0.00    0.00    0.00    1.00    5.38    5.38   96.98    1.49    3.08    0.00    0.00
2022. 11. 29. 17.  0.    0.00    0.00    0.00    0.00    1.00    5.29    5.29   97.12    1.54    3.18    0.00    0.00
2022. 11. 29. 17. 15.    0.00    0.00    0.00    0.00    1.00    5.20    5.20   97.19    1.61    3.21    0.00    0.00
2022. 11. 29. 17. 30.    0.00    0.00    0.00    0.00    1.00    5.11    5.11   97.16    1.70    3.25    0.00    0.00
2022. 11. 29. 17. 45.    0.00    0.00    0.00    0.00    1.00    5.02    5.02   97.09    1.74    3.30    0.00    0.00
2022. 11. 29. 18.  0.    0.00    0.00    0.00    0.00    1.00    4.93    4.93   97.10    1.70    3.24    0.00    0.00
2022. 11. 29. 18. 15.    0.00    0.00    0.00    0.00    1.00    4.85    4.85   97.21    1.66    3.15    0.00    0.00
2022. 11. 29. 18. 30.    0.00    0.00    0.00    0.00    1.00    4.78    4.78   97.22    1.68    3.11    0.00    0.00
2022. 11. 29. 18. 45.    0.00    0.00    0.00    0.00    1.00    4.70    4.70   97.42    1.65    3.06    0.01    0.00
2022. 11. 29. 19.  0.    0.00    0.00    0.00    0.00    1.00    4.62    4.62   97.58    1.62    3.00    0.01    0.00
2022. 11. 29. 19. 15.    0.00    0.00    0.00    0.00    1.00    4.53    4.53   97.57    1.58    3.01    0.01    0.00
2022. 11. 29. 19. 30.    0.00    0.00    0.00    0.00    1.00    4.44    4.44   97.58    1.52    3.13    0.01    0.00
2022. 11. 29. 19. 45.    0.00    0.00    0.00    0.00    1.00    4.39    4.39   97.51    1.45    3.09    0.00    0.00
2022. 11. 29. 20.  0.    0.00    0.00    0.00    0.00    1.00    4.33    4.33   97.61    1.32    2.88    0.00    0.00
2022. 11. 29. 20. 15.    0.00    0.00    0.00    0.00    0.47    4.15    4.15   97.72    1.28    2.70    0.00    0.00
2022. 11. 29. 20. 30.    0.00    0.00    0.00    0.00    0.47    3.94    3.94   98.01    1.29    2.74    0.00    0.00
2022. 11. 29. 20. 45.    0.00    0.00    0.00    0.00    0.47    3.78    3.78   98.22    1.35    3.03    0.00    0.00
2022. 11. 29. 21.  0.    0.00    0.00    0.00    0.00    0.47    3.67    3.67   98.24    1.42    3.38    0.00    0.00
2022. 11. 29. 21. 15.    0.00    0.00    0.00    0.00    0.52    3.57    3.57   98.25    1.40    3.58    0.00    0.00
2022. 11. 29. 21. 30.    0.00    0.00    0.00    0.00    0.52    3.53    3.53   97.98    1.37    3.61    0.00    0.00
2022. 11. 29. 21. 45.    0.00    0.00    0.00    0.00    0.52    3.44    3.44   98.16    1.32    3.57    0.00    0.00
2022. 11. 29. 22.  0.    0.00    0.00    0.00    0.00    0.52    3.34    3.34   98.39    1.34    3.56    0.00    0.00
2022. 11. 29. 22. 15.    0.00    0.00    0.00    0.00    0.26    3.18    3.18   98.52    1.42    3.62    0.00    0.00
2022. 11. 29. 22. 30.    0.00    0.00    0.00    0.00    0.26    3.03    3.03   98.64    1.51    3.81    0.00    0.00
2022. 11. 29. 22. 45.    0.00    0.00    0.00    0.00    0.26    3.06    3.06   98.52    1.59    4.16    0.00    0.00
2022. 11. 29. 23.  0.    0.00    0.00    0.00    0.00    0.26    3.19    3.19   98.33    1.72    4.56    0.00    0.00
2022. 11. 29. 23. 15.    0.00    0.00    0.00    0.00    0.01    3.11    3.11   98.44    1.78    4.94    0.00    0.00
2022. 11. 29. 23. 30.    0.00    0.00    0.00    0.00    0.01    3.14    3.14   98.19    1.95    5.10    0.00    0.00
2022. 11. 29. 23. 45.    0.00    0.00    0.00    0.00    0.01    3.10    3.10   98.14    1.82    5.02    0.00    0.00
2022. 11. 30.  0.  0.    0.00    0.00    0.00    0.00    0.01    2.96    2.96   98.31    1.59    4.75    0.00    0.00
2022. 11. 30.  0. 15.    0.00    0.00    0.00    0.00    0.03    2.80    2.80   98.54    1.48    4.28    0.00    0.00
2022. 11. 30.  0. 30.    0.00    0.00    0.00    0.00    0.10    2.50    2.50   99.36    1.37    3.72    0.00    0.00
2022. 11. 30.  0. 45.    0.00    0.00    0.00    0.00    0.12    2.58    2.58   99.75    1.41    3.12    0.00    0.00
2022. 11. 30.  1.  0.    0.00    0.00    0.00    0.00    0.12    2.64    2.64   99.56    1.67    2.66    0.00    0.00
2022. 11. 30.  1. 15.    0.00    0.00    0.00    0.00    0.41    2.56    2.56   99.33    1.55    2.46    0.00    0.00
2022. 11. 30.  1. 30.    0.00    0.00    0.00    0.00    0.41    2.63    2.63   99.45    1.47    2.54    0.00    0.00
2022. 11. 30.  1. 45.    0.00    0.00    0.00    0.00    0.41    2.64    2.64   99.60    1.45    2.73    0.00    0.00
2022. 11. 30.  2.  0.    0.00    0.00    0.00    0.00    0.41    2.67    2.67   99.55    1.49    2.91    0.00    0.00
2022. 11. 30.  2. 15.    0.00    0.00    0.00    0.00    1.00    2.77    2.77   99.50    1.48    3.12    0.00    0.00
2022. 11. 30.  2. 30.    0.00    0.00    0.00    0.00    1.00    2.89    2.89   99.12    1.59    3.24    0.00    0.00
2022. 11. 30.  2. 45.    0.00    0.00    0.00    0.00    1.00    2.95    2.95   98.90    1.77    3.24    0.00    0.00
2022. 11. 30.  3.  0.    0.00    0.00    0.00    0.00    1.00    2.96    2.96   98.95    1.76    3.42    0.00    0.00
2022. 11. 30.  3. 15.    0.00    0.00    0.00    0.00    0.26    2.82    2.82   99.08    1.76    3.54    0.00    0.00
2022. 11. 30.  3. 30.    0.00    0.00    0.00    0.00    0.26    2.63    2.63   99.39    1.65    3.61    0.00    0.00
2022. 11. 30.  3. 45.    0.00    0.00    0.00    0.00    0.26    2.48    2.48   99.55    1.58    3.60    0.00    0.00
2022. 11. 30.  4.  0.    0.00    0.00    0.00    0.00    0.26    2.37    2.37   99.55    1.58    3.58    0.00    0.00
2022. 11. 30.  4. 15.    0.00    0.00    0.00    0.00    0.21    2.20    2.20   99.65    1.63    3.56    0.00    0.00
2022. 11. 30.  4. 30.    0.00    0.00    0.00    0.00    0.21    2.01    2.01   99.86    1.73    3.60    0.00    0.00
2022. 11. 30.  4. 45.    0.00    0.00    0.00    0.00    0.21    1.83    1.83   99.92    1.73    3.78    0.00    0.00
2022. 11. 30.  5.  0.    0.00    0.00    0.00    0.00    0.21    1.69    1.69   99.94    1.67    3.95    0.00    0.00
2022. 11. 30.  5. 15.    0.00    0.00    0.00    0.00    0.45    1.66    1.66   99.99    1.58    3.89    0.00    0.00
2022. 11. 30.  5. 30.    0.00    0.00    0.00    0.00    0.45    1.66    1.66   99.98    1.62    3.51    0.00    0.00
2022. 11. 30.  5. 45.    0.00    0.00    0.00    0.00    0.45    1.52    1.52   99.98    1.64    3.13    0.00    0.00
2022. 11. 30.  6.  0.    0.00    0.00    0.00    0.00    0.45    1.28    1.28  100.00    1.64    2.88    0.00    0.00
2022. 11. 30.  6. 15.    0.00    0.00    0.00    0.00    0.88    1.00    1.00  100.00    1.64    2.67    0.01    0.00
2022. 11. 30.  6. 30.    0.00    0.00    0.00    0.00    0.88    0.67    0.67  100.00    1.64    2.42    0.01    0.00
2022. 11. 30.  6. 45.    0.00    0.00    0.00    0.00    0.88    0.41    0.41  100.00    1.61    2.21    0.01    0.00
2022. 11. 30.  7.  0.    0.00    0.00    0.00    0.00    0.88    0.24    0.24  100.00    1.50    2.18    0.01    0.00
2022. 11. 30.  7. 15.    0.00    0.00    0.00    0.00    1.00    0.33    0.33   99.96    1.42    2.47    0.00    0.00
2022. 11. 30.  7. 30.    0.00    0.00    0.00    0.00    1.00    0.64    0.64   99.92    1.52    2.99    0.00    0.00
2022. 11. 30.  7. 45.    0.00    0.00    0.00    0.00    1.00    0.92    0.92   99.88    1.64    3.36    0.00    0.00
2022. 11. 30.  8.  0.    0.00    0.00    0.00    0.00    1.00    1.18    1.18   99.87    1.72    3.48    0.00    0.00
2022. 11. 30.  8. 15.    2.51   50.70    0.00    0.00    1.00    1.39    1.39   99.89    1.67    3.48    0.00    0.00
2022. 11. 30.  8. 30.    2.51   50.70    0.00    0.00    1.00    1.53    1.53   99.88    1.63    3.45    0.00    0.00
2022. 11. 30.  8. 45.    5.92   90.32    0.00    0.00    1.00    1.63    1.63   99.89    1.72    3.27    0.00    0.00
2022. 11. 30.  9.  0.   12.31  164.60    0.00    0.00    1.00    1.76    1.76   99.65    1.66    3.14    0.00    0.00
2022. 11. 30.  9. 15.   48.15  215.35    0.00    0.00    0.70    1.89    1.89   99.41    1.57    3.10    0.00    0.00
2022. 11. 30.  9. 30.   48.15  215.35    0.00    0.00    0.70    2.02    2.02   99.23    1.50    3.02    0.00    0.00
2022. 11. 30.  9. 45.   83.87  289.55    0.00    0.00    0.68    2.22    2.22   99.23    1.43    2.95    0.00    0.00
2022. 11. 30. 10.  0.   87.08  302.53    0.00    0.00    0.70    2.44    2.44   99.19    1.56    2.87    0.00    0.00
2022. 11. 30. 10. 15.   99.26  338.29    0.00    0.00    0.72    2.64    2.64   99.22    1.68    2.86    0.00    0.00
2022. 11. 30. 10. 30.  101.83  358.85    0.00    0.00    0.77    2.79    2.79   99.21    1.74    2.96    0.00    0.00
2022. 11. 30. 10. 45.  104.00  376.91    0.00    0.00    0.83    2.95    2.95   98.96    1.77    3.00    0.00    0.00
2022. 11. 30. 11.  0.  105.83  392.79    0.00    0.00    0.88    3.11    3.11   98.72    1.73    2.92    0.00    0.00
2022. 11. 30. 11. 15.  118.35  411.12    0.00    0.00    0.86    3.25    3.25   98.49    1.64    2.73    0.00    0.00
2022. 11. 30. 11. 30.  138.34  419.42    0.00    0.00    0.75    3.36    3.36   98.28    1.53    2.48    0.00    0.00
2022. 11. 30. 11. 45.  154.42  425.36    0.00    0.00    0.65    3.48    3.48   98.10    1.38    2.17    0.00    0.00
2022. 11. 30. 12.  0.  167.08  429.24    0.00    0.00    0.58    3.58    3.58   97.81    1.27    1.94    0.00    0.00
2022. 11. 30. 12. 15.  124.48  428.89    0.00    0.00    0.89    3.64    3.64   97.49    1.23    1.83    0.00    0.00
2022. 11. 30. 12. 30.  105.78  424.36    0.00    0.00    0.97    3.70    3.70   97.25    1.21    1.77    0.00    0.00
2022. 11. 30. 12. 45.   94.03  417.78    0.00    0.00    1.00    3.67    3.67   97.49    1.14    1.53    0.00    0.00
2022. 11. 30. 13.  0.   88.37  409.38    0.00    0.00    1.00    3.53    3.53   97.68    0.99    1.22    0.00    0.00
2022. 11. 30. 13. 15.   85.71  390.38    0.00    0.00    1.00    3.37    3.37   97.20    0.89    1.07    0.00    0.00
2022. 11. 30. 13. 30.   81.79  373.34    0.00    0.00    1.00    3.32    3.32   96.78    0.84    1.02    0.00    0.00
2022. 11. 30. 13. 45.   77.05  354.67    0.00    0.00    1.00    3.33    3.33   96.42    0.80    1.01    0.00    0.00
2022. 11. 30. 14.  0.   71.61  334.59    0.00    0.00    1.00    3.38    3.38   95.96    0.68    0.96    0.00    0.00
2022. 11. 30. 14. 15.   78.17  298.23    0.00    0.00    0.81    3.43    3.43   95.40    0.47    0.78    0.00    0.00
2022. 11. 30. 14. 30.  100.05  269.83    0.00    0.00    0.42    3.45    3.45   95.39    0.17    0.44    0.00    0.00
2022. 11. 30. 14. 45.  105.24  240.35    0.00    0.00    0.18    3.51    3.51   95.64    0.21    0.22    0.00    0.00
2022. 11. 30. 15.  0.   95.84  209.95    0.00    0.00    0.06    3.54    3.54   95.65    0.30    0.20    0.00    0.00
2022. 11. 30. 15. 15.   55.93  158.70    0.00    0.00    0.27    3.58    3.58   95.50    0.24    0.34    0.00    0.00
2022. 11. 30. 15. 30.   55.93  158.70    0.00    0.00    0.27    3.58    3.58   95.60    0.14    0.51    0.00    0.00
2022. 11. 30. 15. 45.   11.12   74.04    0.00    0.22    0.72    3.56    3.56   95.81    0.16    0.64    0.00    0.00
2022. 11. 30. 16.  0.   11.12   74.04    0.00    0.22    0.72    3.51    3.51   96.23    0.33    0.76    0.00    0.00
2022. 11. 30. 16. 15.    0.00    0.00    0.00    1.00    1.00    3.47    3.47   96.79    0.53    0.97    0.00    0.00
2022. 11. 30. 16. 30.    0.00    0.00    0.00    1.00    1.00    3.41    3.41   97.05    0.77    1.34    0.00    0.00
2022. 11. 30. 16. 45.    0.00    0.00    0.00    1.00    1.00    3.41    3.41   96.84    1.07    1.81    0.00    0.00
2022. 11. 30. 17.  0.    0.00    0.00    0.00    1.00    1.00    3.35    3.35   97.09    1.23    2.28    0.00    0.00
2022. 11. 30. 17. 15.    0.00    0.00    0.00    1.00    0.82    3.29    3.29   97.28    1.24    2.56    0.00    0.00
2022. 11. 30. 17. 30.    0.00    0.00    0.00    1.00    0.82    3.23    3.23   97.60    1.19    2.69    0.00    0.00
2022. 11. 30. 17. 45.    0.00    0.00    0.00    1.00    0.82    3.20    3.20   97.91    1.28    2.94    0.00    0.00
2022. 11. 30. 18.  0.    0.00    0.00    0.00    1.00    0.82    3.18    3.18   98.18    1.48    3.38    0.00    0.00
2022. 11. 30. 18. 15.    0.00    0.00    0.00    1.00    0.54    3.06    3.06   98.63    1.63    3.69    0.00    0.00
2022. 11. 30. 18. 30.    0.00    0.00    0.00    1.00    0.54    2.95    2.95   98.91    1.80    3.69    0.00    0.00
2022. 11. 30. 18. 45.    0.00    0.00    0.00    1.00    0.54    2.85    2.85   99.13    1.86    3.61    0.00    0.00
2022. 11. 30. 19.  0.    0.00    0.00    0.00    1.00    0.54    2.76    2.76   99.36    1.86    3.56    0.00    0.00
2022. 11. 30. 19. 15.    0.00    0.00    0.00    1.00    0.83    2.68    2.68   99.39    1.79    3.56    0.00    0.00
2022. 11. 30. 19. 30.    0.00    0.00    0.00    1.00    0.83    2.65    2.65   99.16    1.75    3.57    0.00    0.00
2022. 11. 30. 19. 45.    0.00    0.00    0.00    1.00    0.83    2.64    2.64   98.74    1.75    3.59    0.00    0.00
2022. 11. 30. 20.  0.    0.00    0.00    0.00    1.00    0.83    2.61    2.61   98.58    1.79    3.64    0.00    0.00
2022. 11. 30. 20. 15.    0.00    0.00    0.00    0.54    0.25    2.50    2.50   98.66    1.86    3.69    0.00    0.00
2022. 11. 30. 20. 30.    0.00    0.00    0.00    0.54    0.25    2.36    2.36   99.14    1.83    3.72    0.00    0.00
2022. 11. 30. 20. 45.    0.00    0.00    0.00    0.54    0.25    2.28    2.28   99.42    1.83    3.78    0.00    0.00
2022. 11. 30. 21.  0.    0.00    0.00    0.00    0.54    0.25    2.24    2.24   99.53    1.88    3.85    0.00    0.00
2022. 11. 30. 21. 15.    0.00    0.00    0.00    0.00    0.41    2.21    2.21   99.52    1.97    4.00    0.00    0.00
2022. 11. 30. 21. 30.    0.00    0.00    0.00    0.00    0.41    2.17    2.17   99.53    2.02    4.04    0.00    0.00
2022. 11. 30. 21. 45.    0.00    0.00    0.00    0.00    0.41    2.11    2.11   99.57    2.04    4.09    0.00    0.00
2022. 11. 30. 22.  0.    0.00    0.00    0.00    0.00    0.41    2.04    2.04   99.67    2.05    4.14    0.00    0.00
2022. 11. 30. 22. 15.    0.00    0.00    0.00    0.00    1.00    2.06    2.06   99.70    2.06    4.10    0.00    0.00
2022. 11. 30. 22. 30.    0.00    0.00    0.00    0.00    1.00    2.10    2.10   99.50    2.14    4.12    0.00    0.00
2022. 11. 30. 22. 45.    0.00    0.00    0.00    0.00    1.00    2.07    2.07   99.42    2.29    4.25    0.00    0.00
2022. 11. 30. 23.  0.    0.00    0.00    0.00    0.00    1.00    2.00    2.00   99.42    2.41    4.39    0.00    0.00
2022. 11. 30. 23. 15.    0.00    0.00    0.00    0.00    0.78    1.89    1.89   99.35    2.45    4.40    0.00    0.00
2022. 11. 30. 23. 30.    0.00    0.00    0.00    0.00    0.78    1.76    1.76   99.48    2.45    4.36    0.00    0.00
2022. 11. 30. 23. 45.    0.00    0.00    0.00    0.00    0.78    1.65    1.65   99.54    2.48    4.40    0.00    0.00
2022. 12.  1.  0.  0.    0.00    0.00    0.00    0.00    0.78    1.56    1.56   99.56    2.50    4.43    0.00    0.00
2022. 12.  1.  0. 15.    0.00    0.00    0.00    0.00    1.00    1.54    1.54   99.58    2.47    4.43    0.00    0.00
2022. 12.  1.  0. 30.    0.00    0.00    0.00    0.00    1.00    1.53    1.53   99.56    2.58    4.61    0.00    0.00
2022. 12.  1.  0. 45.    0.00    0.00    0.00    0.00    1.00    1.54    1.54   99.54    2.67    4.79    0.00    0.00
2022. 12.  1.  1.  0.    0.00    0.00    0.00    0.00    1.00    1.56    1.56   99.51    2.74    4.92    0.00    0.00
2022. 12.  1.  1. 15.    0.00    0.00    0.00    0.00    1.00    1.58    1.58   99.47    2.81    5.04    0.00    0.00
2022. 12.  1.  1. 30.    0.00    0.00    0.00    0.00    1.00    1.59    1.59   99.39    2.86    5.14    0.00    0.00
2022. 12.  1.  1. 45.    0.00    0.00    0.00    0.00    1.00    1.60    1.60   99.34    2.88    5.17    0.00    0.00
2022. 12.  1.  2.  0.    0.00    0.00    0.00    0.00    1.00    1.59    1.59   99.32    2.85    5.11    0.00    0.00
2022. 12.  1.  2. 15.    0.00    0.00    0.00    0.00    1.00    1.55    1.55   99.37    2.77    4.95    0.00    0.00
2022. 12.  1.  2. 30.    0.00    0.00    0.00    0.00    1.00    1.49    1.49   99.40    2.67    4.75    0.00    0.00
2022. 12.  1.  2. 45.    0.00    0.00    0.00    0.00    1.00    1.41    1.41   99.48    2.54    4.50    0.01    0.00
2022. 12.  1.  3.  0.    0.00    0.00    0.00    0.00    1.00    1.32    1.32   99.60    2.40    4.26    0.01    0.00
2022. 12.  1.  3. 15.    0.00    0.00    0.00    0.00    1.00    1.23    1.23   99.66    2.28    4.05    0.01    0.00
2022. 12.  1.  3. 30.    0.00    0.00    0.00    0.00    1.00    1.17    1.17   99.65    2.20    3.92    0.01    0.00
2022. 12.  1.  3. 45.    0.00    0.00    0.00    0.00    1.00    1.15    1.15   99.64    2.14    3.86    0.01    0.00
2022. 12.  1.  4.  0.    0.00    0.00    0.00    0.00    1.00    1.16    1.16   99.66    2.03    3.72    0.01    0.00
2022. 12.  1.  4. 15.    0.00    0.00    0.00    0.00    1.00    1.22    1.22   99.65    1.95    3.64    0.01    0.00
2022. 12.  1.  4. 30.    0.00    0.00    0.00    0.00    1.00    1.31    1.31   99.67    1.92    3.64    0.01    0.00
2022. 12.  1.  4. 45.    0.00    0.00    0.00    0.00    1.00    1.42    1.42   99.68    1.90    3.63    0.01    0.00
2022. 12.  1.  5.  0.    0.00    0.00    0.00    0.00    1.00    1.53    1.53   99.67    1.90    3.66    0.01    0.00
2022. 12.  1.  5. 15.    0.00    0.00    0.00    0.00    1.00    1.65    1.65   99.65    1.97    3.75    0.01    0.00
2022. 12.  1.  5. 30.    0.00    0.00    0.00    0.00    1.00    1.73    1.73   99.62    2.08    3.89    0.01    0.00
2022. 12.  1.  5. 45.    0.00    0.00    0.00    0.00    1.00    1.78    1.78   99.54    2.20    4.03    0.01    0.00
2022. 12.  1.  6.  0.    0.00    0.00    0.00    0.00    1.00    1.79    1.79   99.48    2.29    4.14    0.01    0.00
2022. 12.  1.  6. 15.    0.00    0.00    0.00    0.00    1.00    1.78    1.78   99.42    2.40    4.32    0.01    0.00
2022. 12.  1.  6. 30.    0.00    0.00    0.00    0.00    1.00    1.77    1.77   99.36    2.56    4.54    0.01    0.00
2022. 12.  1.  6. 45.    0.00    0.00    0.00    0.00    1.00    1.77    1.77   99.37    2.71    4.75    0.01    0.00
2022. 12.  1.  7.  0.    0.00    0.00    0.00    0.00    1.00    1.79    1.79   99.40    2.83    4.93    0.01    0.00
2022. 12.  1.  7. 15.    0.00    0.00    0.05    0.00    1.00    1.81    1.81   99.43    2.91    5.05    0.01    0.00
2022. 12.  1.  7. 30.    0.00    0.00    0.05    0.00    1.00    1.83    1.83   99.45    2.90    5.06    0.01    0.00
2022. 12.  1.  7. 45.    0.00    0.00    0.05    0.00    1.00    1.86    1.86   99.52    2.84    5.00    0.01    0.00
2022. 12.  1.  8.  0.    0.00    0.00    0.05    0.00    1.00    1.92    1.92   99.61    2.79    4.96    0.01    0.00
2022. 12.  1.  8. 15.    0.93   48.46    0.15    0.00    1.00    2.03    2.03   99.70    2.78    4.94    0.01    0.00
2022. 12.  1.  8. 30.    0.93   48.46    0.15    0.00    1.00    2.12    2.12   99.73    2.82    4.94    0.01    0.00
2022. 12.  1.  8. 45.    2.91   87.99    0.11    0.00    1.00    2.19    2.19   99.71    2.82    4.89    0.01    0.00
2022. 12.  1.  9.  0.    6.62  162.13    0.03    0.00    1.00    2.24    2.24   99.69    2.75    4.75    0.01    0.00
2022. 12.  1.  9. 15.   10.36  212.76    0.06    0.00    1.00    2.26    2.26   99.69    2.64    4.58    0.01    0.00
2022. 12.  1.  9. 30.   10.36  212.76    0.06    0.00    1.00    2.27    2.27   99.69    2.58    4.46    0.01    0.00
2022. 12.  1.  9. 45.   19.14  286.74    0.19    0.00    1.00    2.26    2.26   99.68    2.58    4.43    0.01    0.00
2022. 12.  1. 10.  0.   21.32  299.68    0.22    0.00    1.00    2.26    2.26   99.66    2.54    4.38    0.01    0.00
2022. 12.  1. 10. 15.   31.04  335.31    0.27    0.00    1.00    2.27    2.27   99.62    2.51    4.32    0.01    0.00
2022. 12.  1. 10. 30.   36.88  355.79    0.28    0.00    1.00    2.27    2.27   99.58    2.49    4.28    0.01    0.00
2022. 12.  1. 10. 45.   39.93  373.76    0.31    0.00    1.00    2.27    2.27   99.53    2.45    4.23    0.01    0.00
2022. 12.  1. 11.  0.   40.53  389.55    0.35    0.00    1.00    2.29    2.29   99.48    2.41    4.17    0.01    0.00
2022. 12.  1. 11. 15.   40.03  407.76    0.46    0.00    1.00    2.31    2.31   99.46    2.39    4.14    0.01    0.00
2022. 12.  1. 11. 30.   37.65  415.98    0.54    0.00    1.00    2.35    2.35   99.52    2.41    4.17    0.01    0.00
2022. 12.  1. 11. 45.   34.86  421.84    0.64    0.00    1.00    2.42    2.42   99.56    2.45    4.26    0.02    0.00
2022. 12.  1. 12.  0.   31.71  425.63    0.74    0.00    1.00    2.50    2.50   99.60    2.53    4.40    0.02    0.00
2022. 12.  1. 12. 15.   28.46  425.17    0.91    0.00    1.00    2.59    2.59   99.59    2.63    4.58    0.02    0.00
2022. 12.  1. 12. 30.   27.20  420.57    0.97    0.00    1.00    2.67    2.67   99.57    2.77    4.81    0.02    0.00
2022. 12.  1. 12. 45.   25.72  413.91    1.00    0.00    1.00    2.74    2.74   99.53    2.85    4.98    0.02    0.00
2022. 12.  1. 13.  0.   24.05  405.46    1.00    0.00    1.00    2.82    2.82   99.53    2.84    4.99    0.02    0.00
2022. 12.  1. 13. 15.   21.16  386.36    1.00    0.01    1.00    2.90    2.90   99.51    2.79    4.89    0.02    0.00
2022. 12.  1. 13. 30.   19.44  369.25    1.00    0.01    1.00    3.00    3.00   99.45    2.71    4.78    0.02    0.00
2022. 12.  1. 13. 45.   17.84  350.53    1.00    0.02    1.00    3.04    3.04   99.56    2.69    4.77    0.02    0.00
2022. 12.  1. 14.  0.   16.37  330.40    1.00    0.03    1.00    3.20    3.20   99.05    2.66    4.75    0.02    0.00
2022. 12.  1. 14. 15.   14.14  293.96    1.00    0.06    1.00    3.24    3.24   99.17    2.63    4.69    0.02    0.00
2022. 12.  1. 14. 30.   12.68  265.52    1.00    0.09    1.00    3.30    3.30   99.11    2.56    4.59    0.01    0.00
2022. 12.  1. 14. 45.   11.26  236.02    1.00    0.13    1.00    3.36    3.36   99.00    2.48    4.49    0.01    0.00
2022. 12.  1. 15.  0.    9.86  205.57    1.00    0.17    1.00    3.45    3.45   98.67    2.43    4.42    0.01    0.00
2022. 12.  1. 15. 15.    8.02  154.29    1.00    0.21    1.00    3.55    3.55   98.02    2.44    4.47    0.01    0.00
2022. 12.  1. 15. 30.    8.02  154.29    1.00    0.21    1.00    3.64    3.64   96.99    2.46    4.63    0.00    0.00
2022. 12.  1. 15. 45.    4.23   69.59    1.00    0.30    1.00    3.69    3.69   96.08    2.42    4.61    0.00    0.00
2022. 12.  1. 16.  0.    4.23   69.59    1.00    0.30    1.00    3.67    3.67   95.83    2.34    4.53    0.00    0.00
2022. 12.  1. 16. 15.    0.00    0.00    1.00    0.43    1.00    3.61    3.61   95.95    2.33    4.50    0.00    0.00
2022. 12.  1. 16. 30.    0.00    0.00    1.00    0.43    1.00    3.55    3.55   96.28    2.32    4.51    0.00    0.00
2022. 12.  1. 16. 45.    0.00    0.00    1.00    0.43    1.00    3.51    3.51   96.36    2.37    4.59    0.00    0.00
2022. 12.  1. 17.  0.    0.00    0.00    1.00    0.43    1.00    3.48    3.48   96.27    2.37    4.60    0.00    0.00
2022. 12.  1. 17. 15.    0.00    0.00    1.00    0.60    0.95    3.45    3.45   96.05    2.34    4.59    0.00    0.00
2022. 12.  1. 17. 30.    0.00    0.00    1.00    0.60    0.95    3.41    3.41   96.04    2.28    4.55    0.00    0.00
2022. 12.  1. 17. 45.    0.00    0.00    1.00    0.60    0.95    3.35    3.35   96.30    2.34    4.66    0.00    0.00
2022. 12.  1. 18.  0.    0.00    0.00    1.00    0.60    0.95    3.29    3.29   96.44    2.42    4.82    0.00    0.00
2022. 12.  1. 18. 15.    0.00    0.00    1.00    0.08    0.30    3.17    3.17   96.45    2.45    4.93    0.00    0.00
2022. 12.  1. 18. 30.    0.00    0.00    1.00    0.08    0.30    3.05    3.05   96.59    2.41    4.99    0.00    0.00
2022. 12.  1. 18. 45.    0.00    0.00    1.00    0.08    0.30    2.97    2.97   96.80    2.35    4.97    0.00    0.00
2022. 12.  1. 19.  0.    0.00    0.00    1.00    0.08    0.30    2.91    2.91   96.95    2.28    4.90    0.00    0.00
2022. 12.  1. 19. 15.    0.00    0.00    0.74    0.00    0.25    2.80    2.80   97.12    2.23    4.82    0.00    0.00
2022. 12.  1. 19. 30.    0.00    0.00    0.74    0.00    0.25    2.70    2.70   97.36    2.15    4.76    0.00    0.00
2022. 12.  1. 19. 45.    0.00    0.00    0.74    0.00    0.25    2.63    2.63   97.56    2.07    4.68    0.00    0.00
2022. 12.  1. 20.  0.    0.00    0.00    0.74    0.00    0.25    2.56    2.56   97.68    2.00    4.60    0.00    0.00
2022. 12.  1. 20. 15.    0.00    0.00    0.12    0.00    0.22    2.47    2.47   97.72    1.92    4.53    0.00    0.00
2022. 12.  1. 20. 30.    0.00    0.00    0.12    0.00    0.22    2.36    2.36   97.85    1.80    4.50    0.00    0.00
2022. 12.  1. 20. 45.    0.00    0.00    0.12    0.00    0.22    2.24    2.24   98.02    1.68    4.51    0.00    0.00
2022. 12.  1. 21.  0.    0.00    0.00    0.12    0.00    0.22    2.10    2.10   98.20    1.56    4.54    0.00    0.00
2022. 12.  1. 21. 15.    0.00    0.00    0.00    0.00    0.16    1.93    1.93   98.48    1.48    4.57    0.00    0.00
2022. 12.  1. 21. 30.    0.00    0.00    0.00    0.00    0.16    1.77    1.77   98.88    1.42    4.64    0.00    0.00
2022. 12.  1. 21. 45.    0.00    0.00    0.00    0.00    0.16    1.66    1.66   99.10    1.38    4.72    0.00    0.00
2022. 12.  1. 22.  0.    0.00    0.00    0.00    0.00    0.16    1.51    1.51   99.54    1.34    4.78    0.00    0.00
2022. 12.  1. 22. 15.    0.00    0.00    0.00    0.00    0.20    1.39    1.39   99.87    1.34    4.80    0.00    0.00
2022. 12.  1. 22. 30.    0.00    0.00    0.00    0.00    0.20    1.52    1.52   99.93    1.44    4.81    0.00    0.00
2022. 12.  1. 22. 45.    0.00    0.00    0.00    0.00    0.20    1.60    1.60   99.93    1.51    4.82    0.00    0.00
2022. 12.  1. 23.  0.    0.00    0.00    0.00    0.00    0.20    1.60    1.60   99.88    1.57    4.82    0.00    0.00
2022. 12.  1. 23. 15.    0.00    0.00    0.00    0.00    0.43    1.51    1.51   99.77    1.49    4.86    0.00    0.00
2022. 12.  1. 23. 30.    0.00    0.00    0.00    0.00    0.43    1.44    1.44   99.73    1.28    4.89    0.00    0.00
2022. 12.  1. 23. 45.    0.00    0.00    0.00    0.00    0.43    1.43    1.43   99.67    1.26    4.90    0.00    0.00
2022. 12.  2.  0.  0.    0.00    0.00    0.00    0.00    0.43    1.43    1.43   99.50    1.24    4.90    0.00    0.00
2022. 12.  2.  0. 15.    0.00    0.00    0.00    0.00    0.60    1.44    1.44   99.36    1.18    4.86    0.00    0.00
2022. 12.  2.  0. 30.    0.00    0.00    0.00    0.00    0.60    1.42    1.42   99.16    1.12    4.76    0.00    0.00
2022. 12.  2.  0. 45.    0.00    0.00    0.00    0.00    0.60    1.40    1.40   99.25    1.17    4.69    0.00    0.00
2022. 12.  2.  1.  0.    0.00    0.00    0.00    0.00    0.60    1.51    1.51   98.97    1.18    4.66    0.00    0.00
2022. 12.  2.  1. 15.    0.00    0.00    0.00    0.00    0.47    1.55    1.55   98.82    1.15    4.60    0.00    0.00
2022. 12.  2.  1. 30.    0.00    0.00    0.00    0.00    0.47    1.59    1.59   98.32    1.26    4.44    0.00    0.00
2022. 12.  2.  1. 45.    0.00    0.00    0.00    0.00    0.47    1.55    1.55   98.20    1.41    4.23    0.00    0.00
2022. 12.  2.  2.  0.    0.00    0.00    0.00    0.00    0.47    1.50    1.50   98.39    1.38    4.18    0.00    0.00
2022. 12.  2.  2. 15.    0.00    0.00    0.00    0.00    0.60    1.43    1.43   98.58    1.22    4.26    0.00    0.00
2022. 12.  2.  2. 30.    0.00    0.00    0.00    0.00    0.60    1.32    1.32   99.03    1.08    4.33    0.00    0.00
2022. 12.  2.  2. 45.    0.00    0.00    0.00    0.00    0.60    1.25    1.25   99.41    1.07    4.33    0.00    0.00
2022. 12.  2.  3.  0.    0.00    0.00    0.00    0.00    0.60    1.19    1.19   99.71    1.08    4.25    0.00    0.00
2022. 12.  2.  3. 15.    0.00    0.00    0.00    0.00    0.69    1.19    1.19   99.54    1.05    4.10    0.00    0.00
2022. 12.  2.  3. 30.    0.00    0.00    0.00    0.00    0.69    1.16    1.16   99.48    1.03    3.99    0.00    0.00
2022. 12.  2.  3. 45.    0.00    0.00    0.00    0.00    0.69    1.10    1.10   99.40    1.00    3.93    0.00    0.00
2022. 12.  2.  4.  0.    0.00    0.00    0.00    0.00    0.69    1.04    1.04   99.64    0.93    3.83    0.00    0.00
2022. 12.  2.  4. 15.    0.00    0.00    0.00    0.00    0.47    1.10    1.10   99.57    0.93    3.57    0.00    0.00
2022. 12.  2.  4. 30.    0.00    0.00    0.00    0.00    0.47    1.14    1.14   99.42    1.04    3.33    0.00    0.00
2022. 12.  2.  4. 45.    0.00    0.00    0.00    0.00    0.47    1.13    1.13   99.48    1.19    3.14    0.00    0.00
2022. 12.  2.  5.  0.    0.00    0.00    0.00    0.00    0.47    1.10    1.10   99.58    1.34    3.03    0.00    0.00
2022. 12.  2.  5. 15.    0.00    0.00    0.00    0.00    0.29    1.00    1.00   99.78    1.49    2.99    0.00    0.00
2022. 12.  2.  5. 30.    0.00    0.00    0.00    0.00    0.29    0.86    0.86   99.99    1.59    3.04    0.00    0.00
2022. 12.  2.  5. 45.    0.00    0.00    0.00    0.00    0.29    0.82    0.82   99.98    1.60    3.12    0.00    0.00
2022. 12.  2.  6.  0.    0.00    0.00    0.00    0.00    0.29    0.76    0.76   99.95    1.52    3.18    0.00    0.00
2022. 12.  2.  6. 15.    0.00    0.00    0.00    0.00    0.70    0.83    0.83   99.97    1.43    3.19    0.00    0.00
2022. 12.  2.  6. 30.    0.00    0.00    0.00    0.00    0.70    1.05    1.05   99.96    1.22    3.20    0.00    0.00
2022. 12.  2.  6. 45.    0.00    0.00    0.00    0.00    0.70    1.15    1.15   99.91    1.14    3.18    0.00    0.00
2022. 12.  2.  7.  0.    0.00    0.00    0.00    0.00    0.70    1.18    1.18  100.00    1.06    3.09    0.00    0.00
2022. 12.  2.  7. 15.    0.00    0.00    0.00    0.00    0.96    1.25    1.25  100.00    0.93    2.92    0.00    0.00
2022. 12.  2.  7. 30.    0.00    0.00    0.00    0.00    0.96    1.29    1.29  100.00    0.77    2.69    0.00    0.00
2022. 12.  2.  7. 45.    0.00    0.00    0.00    0.00    0.96    1.28    1.28  100.00    0.67    2.46    0.00    0.00
2022. 12.  2.  8.  0.    0.00    0.00    0.00    0.00    0.96    1.31    1.31   99.96    0.60    2.25    0.00    0.00
2022. 12.  2.  8. 15.    3.32   46.38    0.00    0.00    1.00    1.43    1.43   99.11    0.51    2.08    0.00    0.00
2022. 12.  2.  8. 30.    3.32   46.38    0.00    0.00    1.00    1.58    1.58   97.91    0.44    1.97    0.00    0.00
2022. 12.  2.  8. 45.   10.42   85.83    0.00    0.00    1.00    1.65    1.65   97.51    0.39    1.90    0.00    0.00
2022. 12.  2.  9.  0.   23.74  159.82    0.00    0.00    1.00    1.69    1.69   97.86    0.41    1.82    0.00    0.00
2022. 12.  2.  9. 15.   36.19  210.32    0.00    0.00    1.00    1.85    1.85   97.89    0.43    1.73    0.00    0.00
2022. 12.  2.  9. 30.   36.19  210.32    0.00    0.00    1.00    2.01    2.01   97.63    0.39    1.64    0.00    0.00
2022. 12.  2.  9. 45.   58.65  284.10    0.00    0.00    1.00    2.21    2.21   97.61    0.33    1.57    0.00    0.00
2022. 12.  2. 10.  0.   62.95  296.99    0.00    0.00    1.00    2.45    2.45   96.67    0.32    1.49    0.00    0.00
2022. 12.  2. 10. 15.   77.75  332.49    0.03    0.00    0.98    2.63    2.63   94.65    0.38    1.35    0.00    0.00
2022. 12.  2. 10. 30.   89.98  352.88    0.03    0.00    0.94    2.73    2.73   92.89    0.45    1.10    0.00    0.00
2022. 12.  2. 10. 45.  101.77  370.77    0.03    0.00    0.90    2.80    2.80   92.20    0.46    0.94    0.00    0.00
2022. 12.  2. 11.  0.  113.18  386.48    0.03    0.00    0.85    2.86    2.86   91.31    0.51    0.89    0.00    0.00
2022. 12.  2. 11. 15.  127.18  404.55    0.03    0.00    0.80    2.90    2.90   90.63    0.54    0.86    0.00    0.00
2022. 12.  2. 11. 30.  128.23  412.69    0.02    0.00    0.83    2.94    2.94   90.45    0.56    0.84    0.00    0.00
2022. 12.  2. 11. 45.  121.96  418.47    0.01    0.00    0.89    2.97    2.97   90.52    0.59    0.89    0.00    0.00
2022. 12.  2. 12.  0.  109.27  422.18    0.02    0.00    0.99    2.96    2.96   90.61    0.71    1.05    0.00    0.00
2022. 12.  2. 12. 15.   96.72  421.60    0.01    0.00    1.00    2.93    2.93   90.82    0.84    1.18    0.00    0.00
2022. 12.  2. 12. 30.   89.79  416.93    0.01    0.00    1.00    2.90    2.90   91.51    0.87    1.27    0.00    0.00
2022. 12.  2. 12. 45.   84.01  410.20    0.01    0.00    1.00    2.86    2.86   91.97    0.89    1.30    0.00    0.00
2022. 12.  2. 13.  0.   79.23  401.67    0.01    0.00    1.00    2.83    2.83   92.35    0.88    1.29    0.00    0.00
2022. 12.  2. 13. 15.   73.63  382.47    0.02    0.00    1.00    2.80    2.80   92.66    0.88    1.30    0.00    0.00
2022. 12.  2. 13. 30.   69.47  365.31    0.01    0.00    1.00    2.78    2.78   93.08    0.92    1.36    0.00    0.00
2022. 12.  2. 13. 45.   65.00  346.53    0.00    0.00    1.00    2.77    2.77   93.55    0.97    1.47    0.00    0.00
2022. 12.  2. 14.  0.   60.25  326.34    0.00    0.00    1.00    2.75    2.75   93.95    1.03    1.61    0.00    0.00
2022. 12.  2. 14. 15.   51.88  289.83    0.00    0.00    1.00    2.72    2.72   94.17    1.10    1.73    0.00    0.00
2022. 12.  2. 14. 30.   45.78  261.35    0.00    0.00    1.00    2.69    2.69   94.38    1.13    1.83    0.00    0.00
2022. 12.  2. 14. 45.   39.68  231.80    0.00    0.00    1.00    2.65    2.65   94.52    1.15    1.91    0.00    0.00
2022. 12.  2. 15.  0.   33.56  201.32    0.00    0.00    1.00    2.61    2.61   94.60    1.17    1.98    0.00    0.00
2022. 12.  2. 15. 15.   29.05  149.99    0.03    0.00    0.82    2.54    2.54   94.57    1.19    2.05    0.00    0.00
2022. 12.  2. 15. 30.   29.05  149.99    0.03    0.00    0.82    2.49    2.49   94.71    1.18    2.11    0.00    0.00
2022. 12.  2. 15. 45.   12.07   65.25    0.09    0.00    0.42    2.24    2.24   95.09    1.20    2.19    0.00    0.00
2022. 12.  2. 16.  0.   12.07   65.25    0.09    0.00    0.42    1.86    1.86   96.94    1.22    2.30    0.00    0.00
2022. 12.  2. 16. 15.    0.00    0.00    0.25    0.01    0.22    1.75    1.75   97.99    1.32    2.37    0.00    0.00
2022. 12.  2. 16. 30.    0.00    0.00    0.25    0.01    0.22    1.73    1.73   98.23    1.47    2.37    0.00    0.00
2022. 12.  2. 16. 45.    0.00    0.00    0.25    0.01    0.22    1.63    1.63   98.83    1.62    2.30    0.00    0.00
2022. 12.  2. 17.  0.    0.00    0.00    0.25    0.01    0.22    1.57    1.57   99.23    1.76    2.21    0.00    0.00
2022. 12.  2. 17. 15.    0.00    0.00    0.52    0.08    0.20    1.54    1.54   99.24    1.87    2.17    0.00    0.00
2022. 12.  2. 17. 30.    0.00    0.00    0.52    0.08    0.20    1.57    1.57   98.82    1.86    2.17    0.00    0.00
2022. 12.  2. 17. 45.    0.00    0.00    0.52    0.08    0.20    1.69    1.69   97.08    1.70    2.17    0.00    0.00
2022. 12.  2. 18.  0.    0.00    0.00    0.52    0.08    0.20    1.70    1.70   96.08    1.58    2.18    0.00    0.00
2022. 12.  2. 18. 15.    0.00    0.00    0.11    0.06    0.72    1.49    1.49   97.02    1.58    2.26    0.00    0.00
2022. 12.  2. 18. 30.    0.00    0.00    0.11    0.06    0.72    1.50    1.50   97.23    1.61    2.38    0.00    0.00
2022. 12.  2. 18. 45.    0.00    0.00    0.11    0.06    0.72    1.49    1.49   97.53    1.53    2.46    0.00    0.00
2022. 12.  2. 19.  0.    0.00    0.00    0.11    0.06    0.72    1.46    1.46   98.01    1.40    2.49    0.00    0.00
2022. 12.  2. 19. 15.    0.00    0.00    0.07    0.11    1.00    1.49    1.49   98.59    1.26    2.54    0.00    0.00
2022. 12.  2. 19. 30.    0.00    0.00    0.07    0.11    1.00    1.59    1.59   98.83    1.19    2.55    0.00    0.00
2022. 12.  2. 19. 45.    0.00    0.00    0.07    0.11    1.00    1.67    1.67   98.77    1.18    2.55    0.00    0.00
2022. 12.  2. 20.  0.    0.00    0.00    0.07    0.11    1.00    1.69    1.69   98.98    1.18    2.56    0.00    0.00
2022. 12.  2. 20. 15.    0.00    0.00    0.01    0.13    1.00    1.63    1.63   99.31    1.09    2.55    0.00    0.00
2022. 12.  2. 20. 30.    0.00    0.00    0.01    0.13    1.00    1.66    1.66   99.58    1.08    2.50    0.00    0.00
2022. 12.  2. 20. 45.    0.00    0.00    0.01    0.13    1.00    1.71    1.71   99.49    1.02    2.44    0.00    0.00
2022. 12.  2. 21.  0.    0.00    0.00    0.01    0.13    1.00    1.76    1.76   99.50    0.99    2.38    0.00    0.00
2022. 12.  2. 21. 15.    0.00    0.00    0.08    0.00    1.00    1.76    1.76   99.85    1.01    2.39    0.00    0.00
2022. 12.  2. 21. 30.    0.00    0.00    0.08    0.00    1.00    1.80    1.80   99.89    1.06    2.43    0.00    0.00
2022. 12.  2. 21. 45.    0.00    0.00    0.08    0.00    1.00    1.82    1.82   99.37    1.03    2.49    0.00    0.00
2022. 12.  2. 22.  0.    0.00    0.00    0.08    0.00    1.00    1.72    1.72   99.62    0.99    2.58    0.00    0.00
2022. 12.  2. 22. 15.    0.00    0.00    0.12    0.00    1.00    1.88    1.88   98.67    1.02    2.70    0.00    0.00
2022. 12.  2. 22. 30.    0.00    0.00    0.12    0.00    1.00    1.98    1.98   97.78    1.05    2.76    0.00    0.00
2022. 12.  2. 22. 45.    0.00    0.00    0.12    0.00    1.00    2.00    2.00   97.45    1.09    2.76    0.00    0.00
2022. 12.  2. 23.  0.    0.00    0.00    0.12    0.00    1.00    2.02    2.02   97.33    1.10    2.72    0.00    0.00
2022. 12.  2. 23. 15.    0.00    0.00    0.10    0.00    0.81    2.01    2.01   97.21    1.08    2.72    0.00    0.00
2022. 12.  2. 23. 30.    0.00    0.00    0.10    0.00    0.81    1.94    1.94   97.60    1.07    2.73    0.00    0.00
2022. 12.  2. 23. 45.    0.00    0.00    0.10    0.00    0.81    1.91    1.91   97.96    1.00    2.65    0.00    0.00
2022. 12.  3.  0.  0.    0.00    0.00    0.10    0.00    0.81    1.89    1.89   98.24    0.92    2.48    0.00    0.00
2022. 12.  3.  0. 15.    0.00    0.00    0.08    0.00    0.94    1.88    1.88   98.41    0.87    2.27    0.00    0.00
2022. 12.  3.  0. 30.    0.00    0.00    0.10    0.00    0.98    1.85    1.85   98.81    0.86    2.13    0.00    0.00
2022. 12.  3.  0. 45.    0.00    0.00    0.10    0.00    1.00    1.86    1.86   99.02    0.88    2.05    0.00    0.00
2022. 12.  3.  1.  0.    0.00    0.00    0.10    0.00    1.00    1.88    1.88   99.19    0.88    1.95    0.00    0.00
2022. 12.  3.  1. 15.    0.00    0.00    0.12    0.00    1.00    1.89    1.89   99.22    0.82    1.85    0.00    0.00
2022. 12.  3.  1. 30.    0.00    0.00    0.12    0.00    1.00    1.84    1.84   99.55    0.69    1.80    0.00    0.00
2022. 12.  3.  1. 45.    0.00    0.00    0.12    0.00    1.00    1.82    1.82   99.88    0.57    1.81    0.00    0.00
2022. 12.  3.  2.  0.    0.00    0.00    0.12    0.00    1.00    1.83    1.83   99.95    0.49    1.81    0.01    0.00
2022. 12.  3.  2. 15.    0.00    0.00    0.26    0.00    1.00    1.83    1.83   99.97    0.47    1.65    0.01    0.00
2022. 12.  3.  2. 30.    0.00    0.00    0.26    0.00    1.00    1.89    1.89   99.85    0.45    1.34    0.00    0.00
2022. 12.  3.  2. 45.    0.00    0.00    0.26    0.00    1.00    1.89    1.89   99.95    0.24    0.98    0.00    0.00
2022. 12.  3.  3.  0.    0.00    0.00    0.26    0.00    1.00    1.90    1.90   99.96    0.14    0.67    0.00    0.00
2022. 12.  3.  3. 15.    0.00    0.00    0.14    0.00    1.00    1.90    1.90   99.97    0.23    0.44    0.01    0.00
2022. 12.  3.  3. 30.    0.00    0.00    0.14    0.00    1.00    1.87    1.87   99.96    0.27    0.26    0.01    0.00
2022. 12.  3.  3. 45.    0.00    0.00    0.14    0.00    1.00    1.85    1.85   99.98    0.28    0.19    0.01    0.00
2022. 12.  3.  4.  0.    0.00    0.00    0.14    0.00    1.00    1.85    1.85   99.99    0.31    0.25    0.01    0.00
2022. 12.  3.  4. 15.    0.00    0.00    0.33    0.00    1.00    1.89    1.89   99.99    0.41    0.44    0.01    0.00
2022. 12.  3.  4. 30.    0.00    0.00    0.33    0.00    1.00    1.93    1.93   99.95    0.56    0.81    0.01    0.00
2022. 12.  3.  4. 45.    0.00    0.00    0.33    0.00    1.00    1.90    1.90   99.96    0.79    1.23    0.01    0.00
2022. 12.  3.  5.  0.    0.00    0.00    0.33    0.00    1.00    1.91    1.91   99.92    1.08    1.60    0.01    0.00
2022. 12.  3.  5. 15.    0.00    0.00    0.53    0.00    1.00    1.93    1.93   99.70    1.22    1.83    0.01    0.00
2022. 12.  3.  5. 30.    0.00    0.00    0.53    0.00    1.00    1.88    1.88   99.97    1.13    2.00    0.01    0.00
2022. 12.  3.  5. 45.    0.00    0.00    0.53    0.00    1.00    1.87    1.87   99.98    1.00    2.07    0.00    0.00
2022. 12.  3.  6.  0.    0.00    0.00    0.53    0.00    1.00    1.81    1.81  100.00    0.87    1.94    0.00    0.00
2022. 12.  3.  6. 15.    0.00    0.00    0.00    0.00    1.00    1.81    1.81   99.99    0.97    1.83    0.00    0.00
2022. 12.  3.  6. 30.    0.00    0.00    0.00    0.00    1.00    1.86    1.86   99.97    1.14    1.92    0.00    0.00
2022. 12.  3.  6. 45.    0.00    0.00    0.00    0.00    1.00    1.90    1.90   99.99    1.23    2.05    0.00    0.00
2022. 12.  3.  7.  0.    0.00    0.00    0.00    0.00    1.00    1.95    1.95   99.96    1.29    2.23    0.00    0.00
2022. 12.  3.  7. 15.    0.00    0.00    0.00    0.00    1.00    1.92    1.92   99.77    1.25    2.46    0.00    0.00
2022. 12.  3.  7. 30.    0.00    0.00    0.00    0.00    1.00    1.95    1.95   99.65    1.10    2.61    0.00    0.00
2022. 12.  3.  7. 45.    0.00    0.00    0.00    0.00    1.00    2.00    2.00   99.35    1.06    2.66    0.00    0.00
2022. 12.  3.  8.  0.    0.00    0.00    0.00    0.00    1.00    1.95    1.95   99.47    0.98    2.84    0.00    0.00
2022. 12.  3.  8. 15.    8.58   44.47    0.00    0.00    0.05    1.84    1.84   99.64    1.12    3.04    0.00    0.00
2022. 12.  3.  8. 30.    8.58   44.47    0.00    0.00    0.05    1.77    1.77   99.46    1.30    3.16    0.00    0.00
2022. 12.  3.  8. 45.   28.15   83.84    0.00    0.00    0.04    1.66    1.66   99.46    1.52    3.38    0.00    0.00
2022. 12.  3.  9.  0.   64.86  157.67    0.00    0.00    0.01    1.62    1.62   98.51    1.40    3.55    0.00    0.00
2022. 12.  3.  9. 15.   88.67  208.06    0.00    0.00    0.15    1.79    1.79   97.35    1.25    3.58    0.00    0.00
2022. 12.  3.  9. 30.   88.67  208.06    0.00    0.00    0.15    1.92    1.92   96.40    1.22    3.38    0.00    0.00
2022. 12.  3.  9. 45.  108.35  281.62    0.00    0.00    0.40    2.12    2.12   95.73    1.24    3.17    0.00    0.00
2022. 12.  3. 10.  0.  102.92  294.47    0.00    0.00    0.54    2.35    2.35   95.15    1.29    2.95    0.00    0.00
2022. 12.  3. 10. 15.   83.07  329.83    0.00    0.00    0.89    2.54    2.54   94.72    1.33    2.73    0.00    0.00
2022. 12.  3. 10. 30.   79.46  350.14    0.00    0.00    0.96    2.73    2.73   94.22    1.36    2.59    0.00    0.00
2022. 12.  3. 10. 45.   78.36  367.94    0.00    0.00    1.00    2.90    2.90   93.72    1.36    2.54    0.00    0.00
2022. 12.  3. 11.  0.   79.46  383.56    0.00    0.00    1.00    3.05    3.05   93.34    1.34    2.47    0.00    0.00
2022. 12.  3. 11. 15.   78.03  401.50    0.00    0.00    1.00    3.18    3.18   93.17    1.30    2.39    0.00    0.00
2022. 12.  3. 11. 30.   80.58  409.55    0.00    0.00    1.00    3.32    3.32   93.22    1.35    2.45    0.00    0.00
2022. 12.  3. 11. 45.   84.79  415.25    0.00    0.00    1.00    3.47    3.47   93.36    1.45    2.60    0.00    0.00
2022. 12.  3. 12.  0.   90.44  418.88    0.00    0.00    1.00    3.63    3.63   93.39    1.46    2.65    0.00    0.00
2022. 12.  3. 12. 15.  112.44  418.18    0.00    0.00    0.93    3.80    3.80   93.27    1.33    2.47    0.00    0.00
2022. 12.  3. 12. 30.  150.31  413.43    0.00    0.00    0.64    3.95    3.95   92.92    1.24    2.29    0.00    0.00
2022. 12.  3. 12. 45.  181.72  406.62    0.00    0.00    0.39    4.08    4.08   92.73    1.18    2.14    0.00    0.00
2022. 12.  3. 13.  0.  207.47  398.03    0.00    0.00    0.16    4.21    4.21   92.65    1.13    2.01    0.00    0.00
2022. 12.  3. 13. 15.  169.99  378.73    0.01    0.00    0.39    4.30    4.30   92.74    1.08    1.91    0.00    0.00
2022. 12.  3. 13. 30.  141.29  361.50    0.33    0.00    0.54    4.37    4.37   92.91    1.08    1.89    0.00    0.00
2022. 12.  3. 13. 45.  111.92  342.66    0.66    0.02    0.65    4.42    4.42   93.14    1.15    1.99    0.00    0.00
2022. 12.  3. 14.  0.   81.98  322.41    1.00    0.06    0.72    4.45    4.45   93.36    1.21    2.15    0.00    0.00
2022. 12.  3. 14. 15.   67.31  285.83    1.00    0.45    0.56    4.52    4.52   93.34    1.17    2.24    0.00    0.00
2022. 12.  3. 14. 30.   57.08  257.30    1.00    0.83    0.33    4.58    4.58   93.26    1.00    2.22    0.00    0.00
2022. 12.  3. 14. 45.   46.31  227.71    1.00    1.00    0.15    4.57    4.57   93.28    0.78    2.17    0.00    0.00
2022. 12.  3. 15.  0.   35.06  197.20    1.00    1.00    0.00    4.57    4.57   92.66    0.95    2.44    0.00    0.00
2022. 12.  3. 15. 15.   18.62  145.82    1.00    1.00    0.12    4.47    4.47   93.22    1.30    3.08    0.00    0.00
2022. 12.  3. 15. 30.   18.62  145.82    1.00    1.00    0.12    4.38    4.38   93.27    1.49    3.47    0.00    0.00
2022. 12.  3. 15. 45.    5.65   61.02    1.00    1.00    0.00    4.27    4.27   93.13    1.41    3.44    0.00    0.00
2022. 12.  3. 16.  0.    5.65   61.02    1.00    1.00    0.00    4.13    4.13   93.41    1.33    3.60    0.00    0.00
2022. 12.  3. 16. 15.    0.00    0.00    1.00    1.00    0.00    4.07    4.07   92.87    1.52    3.97    0.00    0.00
2022. 12.  3. 16. 30.    0.00    0.00    1.00    1.00    0.00    4.00    4.00   92.45    1.80    4.23    0.00    0.00
2022. 12.  3. 16. 45.    0.00    0.00    1.00    1.00    0.00    3.93    3.93   92.33    1.95    4.44    0.00    0.00
2022. 12.  3. 17.  0.    0.00    0.00    1.00    1.00    0.00    3.87    3.87   92.52    2.01    4.67    0.00    0.00
2022. 12.  3. 17. 15.    0.00    0.00    1.00    0.02    0.00    3.80    3.80   92.45    2.16    4.86    0.00    0.00
2022. 12.  3. 17. 30.    0.00    0.00    1.00    0.02    0.00    3.72    3.72   92.67    2.23    5.13    0.00    0.00
2022. 12.  3. 17. 45.    0.00    0.00    1.00    0.02    0.00    3.65    3.65   92.90    2.20    5.24    0.00    0.00
2022. 12.  3. 18.  0.    0.00    0.00    1.00    0.02    0.00    3.55    3.55   93.24    2.11    5.20    0.00    0.00
2022. 12.  3. 18. 15.    0.00    0.00    0.15    0.00    0.88    3.55    3.55   93.40    2.06    5.27    0.00    0.00
2022. 12.  3. 18. 30.    0.00    0.00    0.15    0.00    0.88    3.65    3.65   92.81    2.31    5.56    0.00    0.00
2022. 12.  3. 18. 45.    0.00    0.00    0.15    0.00    0.88    3.79    3.79   92.07    2.80    5.84    0.00    0.00
2022. 12.  3. 19.  0.    0.00    0.00    0.15    0.00    0.88    3.91    3.91   91.76    3.02    6.15    0.00    0.00
2022. 12.  3. 19. 15.    0.00    0.00    0.00    0.00    0.53    3.95    3.95   91.68    2.96    6.06    0.00    0.00
2022. 12.  3. 19. 30.    0.00    0.00    0.00    0.00    0.53    3.98    3.98   91.56    3.06    6.15    0.00    0.00
2022. 12.  3. 19. 45.    0.00    0.00    0.00    0.00    0.53    4.03    4.03   91.25    3.19    6.35    0.00    0.00
2022. 12.  3. 20.  0.    0.00    0.00    0.00    0.00    0.53    4.10    4.10   90.62    3.26    6.48    0.00    0.00
2022. 12.  3. 20. 15.    0.00    0.00    0.00    0.00    0.00    4.04    4.04   90.13    3.40    6.67    0.00    0.00
2022. 12.  3. 20. 30.    0.00    0.00    0.00    0.00    0.00    3.96    3.96   89.91    3.44    6.87    0.00    0.00
2022. 12.  3. 20. 45.    0.00    0.00    0.00    0.00    0.00    3.94    3.94   89.72    3.54    7.07    0.00    0.00
2022. 12.  3. 21.  0.    0.00    0.00    0.00    0.00    0.00    3.97    3.97   89.65    3.51    7.12    0.00    0.00
2022. 12.  3. 21. 15.    0.00    0.00    0.00    0.00    0.02    4.07    4.07   89.42    3.44    7.13    0.00    0.00
2022. 12.  3. 21. 30.    0.00    0.00    0.00    0.00    0.02    4.19    4.19   89.06    3.46    7.18    0.00    0.00
2022. 12.  3. 21. 45.    0.00    0.00    0.00    0.00    0.02    4.31    4.31   88.61    3.44    7.20    0.00    0.00
2022. 12.  3. 22.  0.    0.00    0.00    0.00    0.00    0.02    4.43    4.43   88.20    3.35    7.13    0.00    0.00
2022. 12.  3. 22. 15.    0.00    0.00    0.00    0.04    0.00    4.53    4.53   87.83    3.30    7.11    0.00    0.00
2022. 12.  3. 22. 30.    0.00    0.00    0.00    0.04    0.00    4.66    4.66   87.57    3.34    7.17    0.00    0.00
2022. 12.  3. 22. 45.    0.00    0.00    0.00    0.04    0.00    4.80    4.80   87.47    3.47    7.31    0.00    0.00
2022. 12.  3. 23.  0.    0.00    0.00    0.00    0.04    0.00    4.95    4.95   87.51    3.52    7.32    0.00    0.00
2022. 12.  3. 23. 15.    0.00    0.00    0.00    0.06    0.00    5.06    5.06   87.82    3.54    7.26    0.00    0.00
2022. 12.  3. 23. 30.    0.00    0.00    0.00    0.06    0.00    5.13    5.13   88.12    3.46    7.09    0.00    0.00
2022. 12.  3. 23. 45.    0.00    0.00    0.00    0.06    0.00    5.17    5.17   88.25    3.30    6.86    0.00    0.00
2022. 12.  4.  0.  0.    0.00    0.00    0.00    0.06    0.00    5.19    5.19   88.38    3.14    6.64    0.00    0.00
2022. 12.  4.  0. 15.    0.00    0.00    0.00    0.00    0.00    5.19    5.19   88.68    2.96    6.48    0.00    0.00
2022. 12.  4.  0. 30.    0.00    0.00    0.00    0.00    0.00    5.19    5.19   88.90    2.87    6.47    0.00    0.00
2022. 12.  4.  0. 45.    0.00    0.00    0.00    0.00    0.00    5.18    5.18   88.94    2.84    6.47    0.00    0.00
2022. 12.  4.  1.  0.    0.00    0.00    0.00    0.00    0.00    5.14    5.14   88.80    2.84    6.47    0.00    0.00
2022. 12.  4.  1. 15.    0.00    0.00    0.41    0.00    0.00    5.11    5.11   88.47    2.98    6.61    0.00    0.00
2022. 12.  4.  1. 30.    0.00    0.00    0.41    0.00    0.00    5.09    5.09   87.94    3.23    6.82    0.00    0.00
2022. 12.  4.  1. 45.    0.00    0.00    0.41    0.00    0.00    5.03    5.03   87.73    3.29    6.85    0.00    0.00
2022. 12.  4.  2.  0.    0.00    0.00    0.41    0.00    0.00    4.96    4.96   87.90    3.26    6.87    0.00    0.00
2022. 12.  4.  2. 15.    0.00    0.00    1.00    0.05    0.00    4.99    4.99   87.87    3.34    6.96    0.00    0.00
2022. 12.  4.  2. 30.    0.00    0.00    1.00    0.05    0.00    5.06    5.06   87.68    3.45    7.02    0.00    0.00
2022. 12.  4.  2. 45.    0.00    0.00    1.00    0.05    0.00    5.14    5.14   87.38    3.44    7.02    0.00    0.00
2022. 12.  4.  3.  0.    0.00    0.00    1.00    0.05    0.00    5.22    5.22   86.97    3.40    6.97    0.00    0.00
2022. 12.  4.  3. 15.    0.00    0.00    1.00    0.03    0.00    5.27    5.27   86.49    3.36    6.90    0.00    0.00
2022. 12.  4.  3. 30.    0.00    0.00    1.00    0.03    0.00    5.29    5.29   86.08    3.29    6.80    0.00    0.00
2022. 12.  4.  3. 45.    0.00    0.00    1.00    0.03    0.00    5.33    5.33   85.68    3.18    6.67    0.00    0.00
2022. 12.  4.  4.  0.    0.00    0.00    1.00    0.03    0.00    5.37    5.37   85.32    3.08    6.56    0.00    0.00
2022. 12.  4.  4. 15.    0.00    0.00    1.00    0.01    0.00    5.41    5.41   84.87    2.98    6.45    0.00    0.00
2022. 12.  4.  4. 30.    0.00    0.00    1.00    0.01    0.00    5.46    5.46   84.33    2.84    6.33    0.00    0.00
2022. 12.  4.  4. 45.    0.00    0.00    1.00    0.01    0.00    5.52    5.52   83.79    2.67    6.16    0.00    0.00
2022. 12.  4.  5.  0.    0.00    0.00    1.00    0.01    0.00    5.53    5.53   83.63    2.46    5.99    0.00    0.00
2022. 12.  4.  5. 15.    0.00    0.00    1.00    0.01    0.00    5.48    5.48   84.00    2.24    5.88    0.00    0.00
2022. 12.  4.  5. 30.    0.00    0.00    1.00    0.01    0.00    5.35    5.35   84.79    2.05    5.83    0.00    0.00
2022. 12.  4.  5. 45.    0.00    0.00    1.00    0.01    0.00    5.18    5.18   85.83    1.90    5.81    0.00    0.00
2022. 12.  4.  6.  0.    0.00    0.00    1.00    0.01    0.00    4.98    4.98   86.97    1.78    5.81    0.00    0.00
2022. 12.  4.  6. 15.    0.00    0.00    1.00    0.02    0.00    4.82    4.82   87.95    1.70    5.77    0.00    0.00
2022. 12.  4.  6. 30.    0.00    0.00    1.00    0.02    0.00    4.69    4.69   88.79    1.65    5.71    0.00    0.00
2022. 12.  4.  6. 45.    0.00    0.00    1.00    0.02    0.00    4.56    4.56   89.57    1.62    5.70    0.00    0.00
2022. 12.  4.  7.  0.    0.00    0.00    1.00    0.02    0.00    4.48    4.48   90.03    1.61    5.77    0.00    0.00
2022. 12.  4.  7. 15.    0.00    0.00    1.00    0.03    0.00    4.45    4.45   90.20    1.59    5.79    0.00    0.00
2022. 12.  4.  7. 30.    0.00    0.00    1.00    0.03    0.00    4.45    4.45   90.26    1.59    5.73    0.00    0.00
2022. 12.  4.  7. 45.    0.00    0.00    1.00    0.03    0.00    4.43    4.43   90.27    1.57    5.65    0.00    0.00
2022. 12.  4.  8.  0.    0.00    0.00    1.00    0.03    0.00    4.37    4.37   90.32    1.55    5.64    0.00    0.00
2022. 12.  4.  8. 15.    7.47   42.72    1.00    0.04    0.00    4.40    4.40   90.60    1.53    5.87    0.00    0.00
2022. 12.  4.  8. 30.    7.47   42.72    1.00    0.04    0.00    4.68    4.68   89.88    1.61    6.12    0.00    0.00
2022. 12.  4.  8. 45.   18.87   82.02    1.00    0.04    0.00    5.00    5.00   89.04    1.77    6.24    0.00    0.00
2022. 12.  4.  9.  0.   40.25  155.70    1.00    0.05    0.00    5.41    5.41   88.14    2.03    6.41    0.00    0.00
2022. 12.  4.  9. 15.   60.46  205.96    1.00    0.04    0.00    5.94    5.94   86.56    2.56    6.44    0.00    0.00
2022. 12.  4.  9. 30.   60.46  205.96    1.00    0.04    0.00    6.29    6.29   85.69    2.93    6.62    0.00    0.00
2022. 12.  4.  9. 45.  100.78  279.30    1.00    0.02    0.00    6.54    6.54   85.58    3.13    6.62    0.00    0.00
2022. 12.  4. 10.  0.  109.23  292.11    1.00    0.02    0.00    6.71    6.71   85.86    3.08    6.29    0.00    0.00
2022. 12.  4. 10. 15.  134.55  327.35    1.00    0.03    0.00    6.93    6.93   86.28    2.91    5.98    0.00    0.00
2022. 12.  4. 10. 30.  150.53  347.55    1.00    0.03    0.00    7.20    7.20   86.50    2.73    5.72    0.00    0.00
2022. 12.  4. 10. 45.  165.09  365.27    0.96    0.02    0.00    7.47    7.47   86.37    2.66    5.55    0.00    0.00
2022. 12.  4. 11.  0.  178.39  380.80    0.89    0.01    0.00    7.79    7.79   85.16    2.80    5.68    0.00    0.00
2022. 12.  4. 11. 15.  194.34  398.62    0.79    0.02    0.00    8.12    8.12   83.35    2.95    5.90    0.00    0.00
2022. 12.  4. 11. 30.  202.77  406.58    0.68    0.06    0.00    8.35    8.35   81.64    2.99    5.93    0.00    0.00
2022. 12.  4. 11. 45.  210.84  412.19    0.56    0.07    0.00    8.48    8.48   80.27    3.01    5.91    0.00    0.00
2022. 12.  4. 12.  0.  218.59  415.74    0.44    0.03    0.00    8.55    8.55   79.59    2.98    5.80    0.00    0.00
2022. 12.  4. 12. 15.  227.59  414.91    0.27    0.00    0.00    8.62    8.62   79.56    2.90    5.62    0.00    0.00
2022. 12.  4. 12. 30.  227.22  410.08    0.18    0.00    0.00    8.68    8.68   79.42    2.77    5.32    0.00    0.00
2022. 12.  4. 12. 45.  224.17  403.20    0.13    0.00    0.00    8.72    8.72   79.64    2.65    5.08    0.00    0.00
2022. 12.  4. 13.  0.  218.78  394.53    0.09    0.00    0.00    8.73    8.73   79.99    2.52    4.84    0.00    0.00
2022. 12.  4. 13. 15.  202.44  375.12    0.16    0.00    0.00    8.70    8.70   80.56    2.47    4.74    0.00    0.00
2022. 12.  4. 13. 30.  190.78  357.83    0.15    0.00    0.00    8.66    8.66   80.92    2.49    4.77    0.00    0.00
2022. 12.  4. 13. 45.  178.67  338.93    0.11    0.00    0.00    8.61    8.61   81.08    2.50    4.83    0.00    0.00
2022. 12.  4. 14.  0.  166.15  318.62    0.06    0.00    0.00    8.52    8.52   81.48    2.55    4.92    0.00    0.00
2022. 12.  4. 14. 15.  142.32  281.96    0.01    0.00    0.00    8.39    8.39   82.07    2.54    5.02    0.00    0.00
2022. 12.  4. 14. 30.  123.12  253.38    0.01    0.00    0.00    8.23    8.23   82.58    2.55    5.13    0.00    0.00
2022. 12.  4. 14. 45.  103.57  223.75    0.02    0.00    0.00    8.04    8.04   83.12    2.59    5.33    0.00    0.00
2022. 12.  4. 15.  0.   83.72  193.20    0.03    0.01    0.00    7.82    7.82   83.66    2.64    5.59    0.00    0.00
2022. 12.  4. 15. 15.   47.62  141.77    0.01    0.17    0.00    7.61    7.61   83.75    2.69    5.76    0.00    0.00
2022. 12.  4. 15. 30.   47.62  141.77    0.01    0.17    0.00    7.43    7.43   83.91    2.78    5.91    0.00    0.00
2022. 12.  4. 15. 45.    4.81   56.92    0.00    1.00    0.18    7.41    7.41   82.76    2.90    6.06    0.00    0.00
2022. 12.  4. 16.  0.    4.81   56.92    0.00    1.00    0.18    7.50    7.50   81.16    2.99    6.12    0.00    0.00
2022. 12.  4. 16. 15.    0.00    0.00    0.00    1.00    0.73    7.59    7.59   79.50    3.02    6.12    0.00    0.00
2022. 12.  4. 16. 30.    0.00    0.00    0.00    1.00    0.73    7.67    7.67   78.44    2.98    6.06    0.00    0.00
2022. 12.  4. 16. 45.    0.00    0.00    0.00    1.00    0.73    7.69    7.69   77.98    3.05    6.18    0.00    0.00
2022. 12.  4. 17.  0.    0.00    0.00    0.00    1.00    0.73    7.70    7.70   77.64    3.15    6.36    0.00    0.00
2022. 12.  4. 17. 15.    0.00    0.00    0.00    1.00    1.00    7.75    7.75   76.76    3.04    6.24    0.00    0.00
2022. 12.  4. 17. 30.    0.00    0.00    0.00    1.00    1.00    7.77    7.77   75.93    3.00    6.16    0.00    0.00
2022. 12.  4. 17. 45.    0.00    0.00    0.00    1.00    1.00    7.79    7.79   75.22    3.02    6.13    0.00    0.00
2022. 12.  4. 18.  0.    0.00    0.00    0.00    1.00    1.00    7.75    7.75   74.93    3.16    6.31    0.00    0.00
2022. 12.  4. 18. 15.    0.00    0.00    0.00    1.00    0.48    7.65    7.65   74.98    3.34    6.58    0.00    0.00
2022. 12.  4. 18. 30.    0.00    0.00    0.00    1.00    0.48    7.54    7.54   75.24    3.50    6.88    0.00    0.00
2022. 12.  4. 18. 45.    0.00    0.00    0.00    1.00    0.48    7.41    7.41   75.74    3.64    7.12    0.00    0.00
2022. 12.  4. 19.  0.    0.00    0.00    0.00    1.00    0.48    7.26    7.26   76.60    3.79    7.37    0.00    0.00
2022. 12.  4. 19. 15.    0.00    0.00    0.18    1.00    0.21    7.09    7.09   77.57    3.95    7.67    0.00    0.00
2022. 12.  4. 19. 30.    0.00    0.00    0.18    1.00    0.21    6.96    6.96   78.30    4.07    7.90    0.00    0.00
2022. 12.  4. 19. 45.    0.00    0.00    0.18    1.00    0.21    6.86    6.86   78.63    4.17    8.10    0.00    0.00
2022. 12.  4. 20.  0.    0.00    0.00    0.18    1.00    0.21    6.81    6.81   78.56    4.25    8.24    0.00    0.00
2022. 12.  4. 20. 15.    0.00    0.00    1.00    1.00    0.22    6.79    6.79   78.20    4.34    8.40    0.00    0.00
2022. 12.  4. 20. 30.    0.00    0.00    1.00    1.00    0.22    6.78    6.78   77.83    4.48    8.60    0.00    0.00
2022. 12.  4. 20. 45.    0.00    0.00    1.00    1.00    0.22    6.78    6.78   77.48    4.58    8.65    0.00    0.00
2022. 12.  4. 21.  0.    0.00    0.00    1.00    1.00    0.22    6.77    6.77   77.33    4.58    8.63    0.00    0.00
2022. 12.  4. 21. 15.    0.00    0.00    1.00    0.16    0.01    6.65    6.65   77.68    4.58    8.66    0.00    0.00
2022. 12.  4. 21. 30.    0.00    0.00    1.00    0.16    0.01    6.54    6.54   77.99    4.59    8.77    0.00    0.00
2022. 12.  4. 21. 45.    0.00    0.00    1.00    0.16    0.01    6.50    6.50   77.96    4.65    8.99    0.00    0.00
2022. 12.  4. 22.  0.    0.00    0.00    1.00    0.16    0.01    6.53    6.53   77.64    4.72    9.12    0.00    0.00
2022. 12.  4. 22. 15.    0.00    0.00    1.00    0.77    0.00    6.62    6.62   77.19    4.73    8.95    0.00    0.00
2022. 12.  4. 22. 30.    0.00    0.00    1.00    0.77    0.00    6.66    6.66   77.07    4.57    8.69    0.00    0.00
2022. 12.  4. 22. 45.    0.00    0.00    1.00    0.77    0.00    6.67    6.67   77.25    4.56    8.66    0.00    0.00
2022. 12.  4. 23.  0.    0.00    0.00    1.00    0.77    0.00    6.70    6.70   77.29    4.55    8.60    0.00    0.00
2022. 12.  4. 23. 15.    0.00    0.00    1.00    0.89    0.00    6.82    6.82   76.64    4.59    8.76    0.00    0.00
2022. 12.  4. 23. 30.    0.00    0.00    1.00    0.89    0.00    7.06    7.06   75.39    4.79    9.16    0.00    0.00
2022. 12.  4. 23. 45.    0.00    0.00    1.00    0.89    0.00    7.37    7.37   74.14    4.70    9.01    0.00    0.00
2022. 12.  5.  0.  0.    0.00    0.00    1.00    0.89    0.00    7.49    7.49   73.89    4.65    8.92    0.00    0.00
